5635.726932 2072.082633 5693.038755 2282.813727 34.197180 0.125000 20.408904 
6042.748582 1562.460572 6105.766793 1754.748700 26.032961 0.125000 21.747352 
5740.897126 2093.343561 5794.019693 2282.466466 25.852830 0.125000 17.502120 
2016.038202 495.168713 1950.907528 895.960004 31.462023 0.125000 75.366916 
3277.595249 844.995881 3277.039751 494.996763 30.412618 0.125000 54.818401 
5705.229199 2073.748989 5633.957312 2060.691181 36.717302 0.125000 1.348026 
5698.598804 2406.682972 5611.627431 2075.886700 30.557449 0.125000 39.454483 
5900.998075 1213.139105 5835.420199 1001.767147 24.049268 0.125000 18.411791 
3048.369459 514.791106 3037.963362 845.093360 26.836208 0.125000 41.335514 
6138.714231 1563.768712 6198.417814 1743.866975 25.485555 0.125000 17.460194 
5800.798607 2406.149552 5713.072497 2085.527388 33.303640 0.125000 37.934082 
5801.612757 2313.261892 5862.683245 2545.608940 27.466006 0.125000 27.694147 
4361.361068 844.116634 4312.919128 495.288972 25.588321 0.125000 36.664383 
3563.506348 485.057786 3577.443079 845.292362 25.725082 0.125000 51.435062 
2539.945566 504.513146 2506.175045 855.113183 27.578127 0.125000 48.876815 
1346.187853 2035.252212 1244.785452 2512.831187 29.948661 0.125000 62.236972 
3815.443073 844.969825 3792.302602 505.183701 25.174474 0.125000 49.181686 
2703.433922 2855.396629 2723.164076 2435.854216 48.287473 0.125000 68.942880 
1988.223380 2944.473984 1998.253822 2815.252569 25.357273 0.125000 7.234825 
5863.682272 1022.123796 5924.337021 1205.219627 22.482043 0.125000 15.788344 
2375.206686 1799.394771 2115.191485 1789.807020 37.393420 0.125000 18.770778 
2259.004395 675.695721 2266.958048 515.594061 41.935435 0.062500 1.030447 
3032.444323 1094.950352 3025.449588 1455.008734 27.857810 0.125000 34.270075 
2321.960026 2794.715505 2272.269868 3325.680348 35.114423 0.125000 65.049116 
4932.376500 795.547269 4863.489233 465.315150 31.830966 0.125000 48.320231 
5992.099052 1212.667210 5923.969655 1005.338578 22.795954 0.125000 15.356728 
154.940458 924.167246 34.839448 932.754531 23.514995 0.125000 11.622987 
2599.643141 2005.383252 2525.452442 2904.211930 34.295493 0.125000 155.554529 
1947.723649 903.549369 1884.843398 1218.956029 56.793111 0.125000 68.161617 
1939.966580 3314.354711 1983.658537 2973.546015 33.825257 0.125000 48.302054 
4709.793241 1085.928947 4775.928606 1456.618443 44.322471 0.125000 72.771024 
4079.816658 485.589066 4119.595618 835.614187 35.680765 0.125000 61.717882 
5598.764999 1563.935218 5652.963089 1755.576060 25.755231 0.125000 18.342624 
464.197744 2370.105672 585.978629 2376.573408 53.111726 0.125000 3.468046 
2486.667317 1074.199865 2449.194765 1464.442560 30.422673 0.125000 37.095425 
5700.318576 2313.698671 5756.804482 2544.558486 28.726712 0.125000 20.300027 
3588.120645 1105.263330 3601.498429 1454.751252 27.683032 0.125000 52.654418 
2734.765077 2325.217260 2739.884689 2095.108678 32.661759 0.125000 37.024851 
6007.196240 1527.794020 5981.572760 1456.227072 22.898007 0.031250 1.131414 
5389.039986 1214.018574 5340.932817 1015.988033 20.259410 0.125000 10.830798 
5359.896917 1013.650183 5412.808309 1205.604132 26.573567 0.125000 14.542275 
2748.844359 845.917402 2770.747499 515.380860 32.579166 0.125000 49.363114 
1834.995734 1493.207849 3255.035294 1489.827818 26.691395 0.125000 161.834233 
5506.294962 1564.660485 5559.217793 1766.515989 31.555297 0.125000 13.967714 
1897.979155 1223.745347 1856.601875 1455.286261 36.906054 0.125000 29.084319 
5524.983276 1785.287844 6065.016114 1784.357917 40.843711 0.125000 67.463126 
1624.993144 2843.478388 1607.740917 2956.937345 40.182112 0.125000 5.242855 
1806.820918 1763.589813 1720.215798 2265.899276 30.923078 0.125000 93.933514 
6130.883130 1616.330525 6117.286734 1574.260954 25.181321 0.015625 2.459998 
6175.822799 1754.728475 6146.093213 1664.639238 44.442543 0.125000 2.691498 
4017.199833 3015.636618 4004.029187 2854.263075 25.833308 0.125000 20.254741 
1661.042937 2626.002182 1626.345019 2835.223063 29.595759 0.125000 11.679575 
6079.510345 1756.725282 6013.152104 1545.580755 29.165208 0.125000 22.190591 
4600.515563 475.824943 4666.863613 836.496744 40.686372 0.125000 68.430459 
3595.138988 1729.039753 3744.961642 1723.885113 17.919184 0.031250 0.708923 
5385.136655 2556.809372 5304.992121 2555.472216 20.497677 0.062500 1.414092 
6065.657427 1451.657720 6004.104947 1439.550344 35.226005 0.062500 0.549296 
2704.992558 882.760816 3055.021927 881.597509 21.129858 0.125000 41.373349 
4121.071094 2435.328610 4115.118090 2364.153732 22.430853 0.125000 1.688997 
1605.188616 2965.030634 1569.347386 3185.706085 31.466869 0.125000 25.605651 
5575.130171 1453.795724 5474.148189 1442.880543 26.975556 0.062500 0.254810 
5145.050127 1786.042029 5515.042502 1784.362402 40.090379 0.125000 45.889962 
4364.990978 873.198213 4705.032523 871.495633 11.602087 0.125000 11.695534 
4685.086140 891.751862 4344.886354 896.092103 23.697868 0.125000 57.476021 
3774.900145 1689.514583 3875.048995 1687.691504 31.087071 0.031250 4.381443 
4135.008221 896.709918 3784.920161 898.392989 20.528595 0.125000 44.465475 
4384.955401 2410.924143 5304.978541 2417.850440 23.387114 0.125000 154.510947 
4664.996383 847.162127 4364.996447 847.300560 20.133817 0.125000 36.994495 
6173.458703 1469.980071 6073.074129 1438.911752 16.845294 0.125000 1.688997 
1675.046380 2389.547977 2554.982700 2397.033592 22.125948 0.125000 143.372392 
2480.979506 2984.642898 2470.247922 3105.466123 28.112914 0.125000 1.566591 
4224.232912 2345.110931 4180.713317 2044.173777 25.762450 0.125000 16.414075 
1169.576585 2863.878588 1076.243959 3315.257216 30.740219 0.125000 41.840040 
3100.233392 2895.100922 3114.309379 2165.179524 27.708549 0.125000 130.011186 
304.903832 2024.969459 202.510845 2347.385298 25.565905 0.125000 49.181686 
895.582779 3285.135586 935.670541 3112.829461 25.363353 0.125000 18.376711 
3035.116106 899.993022 2684.608028 908.143605 27.899632 0.125000 43.487468 
3354.005448 1501.242487 3466.697854 1471.414654 29.001317 0.062500 0.404396 
2544.953312 908.385229 2144.956470 909.509236 21.039631 0.125000 37.004385 
4050.130421 2815.452529 4016.534020 2453.928145 36.569802 0.125000 44.785688 
5463.094906 1153.013350 5431.866633 1025.768990 19.601534 0.125000 6.651266 
3595.016172 897.264904 3244.962616 899.764392 21.427514 0.125000 45.958595 
3796.149844 1521.610995 4113.541787 1629.297877 25.196380 0.125000 20.179331 
4.998480 1777.033619 1785.004960 1778.364111 30.852102 0.125000 282.480565 
885.027580 2542.084565 1355.080114 2546.531198 22.080182 0.125000 80.842307 
4147.196122 1095.872248 4186.326852 1445.969407 36.479108 0.125000 81.881890 
4839.961525 1805.934280 4945.799249 2376.706087 49.813520 0.125000 133.637292 
5812.784300 2102.276969 5740.363874 2080.226311 38.265533 0.125000 0.860447 
5952.272235 1022.513034 6012.698190 1199.206984 21.914354 0.125000 15.892269 
3669.030478 1677.546241 3570.104326 1624.053807 37.335164 0.125000 7.091925 
4676.791378 3096.403900 4655.714568 2973.167514 23.085355 0.125000 3.962115 
3464.802838 1475.571021 3972.923309 1651.014525 29.034751 0.125000 48.712435 
2714.325326 2434.096206 2884.132870 2446.690979 39.533618 0.125000 20.102623 
3137.866617 3042.490397 3106.703262 2882.717307 33.516971 0.125000 10.612907 
5479.119128 1463.868795 5495.843516 1524.768352 36.873493 0.031250 3.752975 
1693.367064 2424.737457 1664.399978 2604.903529 24.857369 0.125000 8.897812 
4631.815547 1455.523840 4597.390422 1246.251771 23.237753 0.125000 16.613639 
208.080971 945.695323 157.053279 928.799000 28.479347 0.062500 1.141069 
5016.903327 2816.833728 5035.113465 2897.239094 45.056248 0.125000 1.350622 
1494.121886 1404.677906 1449.396085 1526.612491 40.054442 0.125000 4.657691 
2174.949018 890.040279 2525.014821 886.441896 22.979743 0.125000 39.079963 
3884.999108 1685.038172 4064.900868 1689.242167 22.097113 0.015625 16.503905 
5338.071895 2526.604802 5288.340688 2311.909809 37.537047 0.125000 37.088628 
1375.198531 850.439153 1615.613578 860.904254 28.666975 0.125000 14.238417 
3856.088841 1445.601660 3832.383414 1094.501490 25.343704 0.125000 42.240631 
4174.995025 1491.120907 4745.006913 1490.389801 10.718256 0.125000 37.812597 
851.916075 1998.369245 789.224637 2122.073125 39.958071 0.125000 3.799725 
3704.997631 1490.692545 4164.997492 1490.439600 10.247445 0.125000 26.072427 
4728.721999 2066.048115 4690.008811 1834.163777 26.347408 0.125000 26.815703 
6065.107576 1779.505524 6195.026268 1778.542015 40.443862 0.125000 17.502120 
2864.997193 1679.015273 3144.997056 1679.211006 30.139802 0.125000 7.281254 
5995.025537 2559.504253 5695.032015 2558.110266 20.232118 0.125000 36.098686 
4776.934367 2366.282039 4732.292749 2085.430320 27.601042 0.125000 27.092342 
3804.936667 878.141378 4135.093197 875.092666 22.676934 0.125000 51.114972 
5852.522924 2058.565450 5995.185545 2557.804580 56.324638 0.125000 104.072545 
4945.030174 2380.261912 4584.981092 2377.969016 20.509047 0.125000 48.649677 
5451.163683 1023.299339 5501.559770 1205.949216 23.937986 0.125000 14.153863 
294.999343 1254.356378 565.009273 1254.080651 10.275711 0.125000 9.816807 
2624.989669 1955.214600 2844.961307 1965.803771 21.900191 0.062500 3.303434 
4184.998264 1460.673147 3794.998327 1460.829608 10.148437 0.125000 16.090620 
4212.054498 2015.297504 4297.050024 2856.813000 33.668233 0.125000 167.425034 
878.673780 3035.858342 820.181508 3286.210607 24.662999 0.125000 21.374408 
1954.953369 2973.718739 1912.581287 3305.966853 27.630612 0.125000 45.494769 
797.285567 2128.388949 734.084135 2357.505840 24.929168 0.125000 25.958599 
3044.953195 855.774538 2754.960659 857.245817 21.369571 0.125000 32.901956 
6185.173795 1524.855904 6149.224634 1481.497303 39.940619 0.125000 0.412161 
535.545429 1409.186506 467.259701 1520.240589 28.835996 0.125000 1.350622 
5314.916050 2582.505698 6195.029644 2592.349643 22.123739 0.125000 136.527882 
4.711002 2368.182788 465.387375 2373.925598 65.604620 0.125000 85.849988 
2625.122215 1743.073969 2775.784666 1752.634136 17.492931 0.125000 3.018466 
4592.088037 3095.394509 4621.896893 3315.420405 22.503991 0.125000 6.286435 
3613.732706 1458.984535 3710.322917 1489.705352 25.121070 0.125000 4.706702 
5057.031794 3020.900455 5110.860695 3310.187996 50.525355 0.125000 27.487117 
3852.765267 1774.618332 3859.211760 1905.776003 38.969942 0.125000 9.063654 
4609.373403 2065.844310 4574.739465 1835.039095 27.187067 0.125000 27.661902 
808.975086 2843.556344 784.142795 2947.190745 29.982150 0.125000 0.020535 
1453.592064 1532.595094 1407.059780 1753.326123 25.758161 0.125000 27.927935 
1895.794726 3355.123679 1822.489067 3826.165483 26.567712 0.125000 47.257734 
1235.029826 2516.938013 994.996115 2516.049980 20.850769 0.125000 29.684787 
4759.389911 2084.282560 4805.260385 2364.957445 32.833003 0.125000 35.501439 
5625.636783 1762.248897 5574.644035 1565.092067 40.895088 0.125000 23.772528 
919.691505 2363.693090 877.373227 2535.584270 28.834399 0.125000 12.300962 
2707.343411 1455.754387 2729.337935 1095.876286 32.384239 0.125000 38.645927 
2495.051964 858.780835 2234.963654 862.355534 29.447452 0.125000 24.309299 
2174.781550 1224.969654 2184.510772 1154.932039 15.408608 0.031250 3.495177 
2466.315170 3145.087586 2452.347478 3354.823351 23.278267 0.125000 1.355682 
1015.801626 1400.241422 954.161250 1519.392808 26.953399 0.125000 5.905586 
1565.922694 1015.196178 1521.474782 1224.250489 22.488196 0.125000 15.825120 
1972.761150 2806.414209 1961.621056 2946.323430 28.667877 0.125000 2.874775 
3213.025545 1609.248833 3114.355779 1643.123522 25.693671 0.125000 2.105587 
6194.330549 1635.152385 6173.375456 1543.093519 33.690737 0.125000 0.020535 
1090.965248 2144.005734 1068.339157 2235.822854 19.557894 0.125000 1.345958 
5565.461855 1527.990508 5545.648596 1464.796645 31.617696 0.031250 2.869222 
3155.923489 1568.206270 3316.964957 1521.822152 34.363533 0.125000 5.613404 
568.500754 2146.027997 541.788711 2236.993507 19.189736 0.125000 2.592087 
2515.305645 1753.187789 2615.166491 1749.460051 42.210360 0.031250 0.371770 
5344.518949 2685.241923 5430.748471 2769.358333 27.580426 0.125000 3.962115 
5465.000859 1234.589019 5625.000160 1234.923551 10.146337 0.007812 17.041527 
3176.878796 1801.135875 3112.637937 1792.430279 52.142295 0.125000 0.303493 
3275.325543 2185.753348 3415.144205 2125.333709 53.831454 0.125000 14.373671 
3565.102451 2022.437155 3444.495675 2017.615834 51.957279 0.125000 10.313101 
4649.354517 2934.483553 4636.350739 2824.839802 25.080216 0.125000 1.489205 
5471.828977 1525.972706 5450.483227 1456.385512 31.613583 0.031250 3.752975 
5875.038148 1229.952915 6174.945431 1232.219713 30.679373 0.125000 14.129143 
6018.443992 887.335091 6129.937612 1200.364858 58.976456 0.125000 68.134359 
3565.059113 850.226465 3284.868750 853.395492 28.188555 0.125000 32.184102 
2484.998648 1691.726818 2825.000644 1691.795162 10.066333 0.125000 14.650592 
3386.567563 1549.217338 3291.163557 1584.678516 26.793731 0.125000 0.057377 
5279.036964 2056.335175 5391.375396 2558.050666 47.773428 0.125000 147.154554 
5195.824813 2622.933893 5345.865544 2682.831866 24.117659 0.125000 5.497126 
5528.964628 1761.528225 5475.125350 1544.968836 38.979976 0.125000 19.392522 
4754.988680 1489.307357 5095.012613 1490.200994 20.683250 0.125000 46.843497 
871.318651 2566.462977 808.932612 2835.910530 26.874427 0.125000 15.835481 
3264.962797 880.477045 3595.022720 877.762180 12.549441 0.125000 36.006417 
5697.067345 1751.729049 5639.934489 1540.951886 51.051971 0.125000 46.362324 
4054.998638 1753.887254 4405.010353 1753.458867 30.305958 0.125000 40.690446 
4653.878826 2365.165713 4613.969893 2095.152253 29.677585 0.125000 29.330086 
724.553425 2380.235475 845.366646 2368.911757 60.671371 0.125000 8.969816 
3714.908720 2018.192469 3574.933886 2020.069346 21.875248 0.125000 3.018466 
5354.959232 1231.596970 5475.061795 1230.158140 31.195762 0.007812 4.473057 
2152.244805 1384.577983 2175.610761 1232.030125 29.740870 0.125000 6.999129 
2413.885701 1864.892355 2366.525573 2355.147375 23.077300 0.125000 69.008073 
4008.051714 2344.721026 3993.380692 2184.233874 46.206421 0.125000 12.199291 
5634.982721 1252.677169 5324.925491 1254.983590 21.561529 0.125000 32.757419 
1515.016985 1267.940511 1244.968233 1269.500344 20.692789 0.125000 35.103327 
2513.822863 2614.914873 2519.630162 2534.611669 30.643148 0.125000 1.348026 
5404.979429 2734.640488 5525.000221 2734.896587 30.170635 0.125000 7.399256 
5671.693537 1428.867968 5764.477041 1748.058850 55.157921 0.125000 83.444755 
744.857319 1250.638441 1035.015640 1253.285775 20.364103 0.125000 34.678509 
2994.914613 2009.581386 2984.236048 2102.616720 80.618485 0.125000 6.547667 
565.001473 1275.244490 294.951036 1276.871143 30.842732 0.125000 24.328263 
981.966732 2516.656969 1087.438253 2073.201513 27.818393 0.125000 36.946110 
956.976435 3285.424508 983.377926 3162.503757 27.231116 0.125000 10.684719 
4531.551130 3050.375326 4384.388029 2955.953804 20.482135 0.125000 9.786617 
3272.282596 1445.059645 3274.576320 1164.996530 21.555382 0.125000 26.809798 
3179.720887 2495.613444 3198.274957 2352.826706 62.076958 0.125000 23.009211 
1836.298687 1543.245006 1793.253442 1756.664661 55.110315 0.125000 47.040213 
3104.849273 1952.954667 3764.991836 1956.514052 59.837375 0.125000 169.327369 
1057.679562 2283.284043 1010.115024 2486.198994 19.472191 0.125000 13.199819 
1174.918588 1249.973121 1515.017278 1251.822305 19.945333 0.125000 27.007144 
4520.183172 1454.318757 4507.093196 1354.724884 22.435715 0.125000 3.994932 
2340.160138 2365.522830 2390.915515 1864.586156 27.217306 0.125000 73.473601 
3933.391328 1750.115071 3855.276410 1775.839352 30.504471 0.125000 0.671000 
5515.137473 877.827846 5610.165862 1209.253337 51.023814 0.125000 85.209038 
2225.691966 867.037916 2260.901061 682.312706 47.243468 0.125000 15.255337 
4373.858555 2996.635308 4490.063197 3077.746136 27.847256 0.125000 4.158208 
5665.792001 801.521585 5564.226724 778.396178 40.351747 0.125000 3.443265 
784.990909 582.048234 1895.011178 578.629474 42.740915 0.125000 314.489802 
4266.125988 3134.877889 4236.836782 2864.800805 19.883419 0.125000 13.303354 
5888.413173 2411.735754 5850.615465 2318.658707 61.375913 0.125000 25.126183 
5842.664168 2271.471332 5794.476582 2105.151649 59.426213 0.125000 51.427051 
3067.912737 1741.231062 2962.339872 1760.176586 55.268032 0.125000 3.082488 
95.015443 1275.403300 4.382501 1278.873782 19.985354 0.125000 1.345958 
4142.101380 2784.915069 4144.016104 2945.011767 31.074159 0.125000 6.761510 
5684.354434 2535.162870 5658.839861 2434.031239 26.731119 0.125000 5.518085 
555.650363 851.131180 716.157721 878.113050 28.097168 0.125000 7.777814 
1905.005568 569.916771 1683.959874 120.592181 35.458559 0.125000 120.140267 
2534.844369 2355.954535 2565.088483 2044.038955 37.278419 0.125000 66.775869 
4135.015357 850.195325 3824.986562 849.204377 20.767008 0.125000 36.073090 
4773.429065 2771.574014 4915.940092 2785.081635 47.889705 0.125000 9.009468 
823.994369 1227.713734 906.169649 955.352900 23.108291 0.125000 28.535735 
3375.405699 412.434575 3586.453333 445.809905 30.137011 0.125000 15.000879 
960.769308 3136.310057 926.417083 3287.592516 27.935179 0.125000 14.900327 
3985.167622 1659.318275 3764.769410 1652.816091 29.692062 0.125000 9.886177 
5019.438297 886.230746 5090.679778 1208.168912 44.333776 0.125000 76.869936 
1719.322141 2273.984420 1706.569603 2345.280750 24.969714 0.125000 0.464982 
4446.953041 1454.716365 4411.992151 1213.984547 21.722183 0.125000 13.907903 
4921.367843 2788.176693 5024.204475 2827.101711 36.142156 0.125000 3.642900 
602.600348 2244.292456 641.064711 2113.839669 38.366977 0.125000 6.578643 
2045.284867 3352.112371 1944.294686 3342.149602 42.886260 0.062500 2.624497 
4640.600197 2084.205352 4680.533889 2365.633725 31.173939 0.125000 34.360237 
1232.148423 3164.294440 1251.954541 3084.246468 29.221677 0.125000 0.517008 
2795.514411 2425.051714 2802.681207 2353.761592 27.850320 0.125000 0.379692 
3104.337045 1725.603151 3345.081170 1717.374882 29.640907 0.125000 4.530717 
3778.906495 1846.458849 3680.655766 1827.427915 54.483151 0.125000 5.704523 
4695.268228 1822.760323 4604.179468 1811.851354 43.283558 0.125000 1.643691 
3452.123133 2124.954592 3582.771303 2162.711782 55.085676 0.125000 7.913093 
6057.433972 1210.701736 5986.184042 1004.590692 51.574108 0.125000 49.487865 
2584.637772 1858.768485 2425.150094 1843.438481 52.640990 0.125000 20.179331 
5614.247975 2020.351486 5856.490568 2054.392971 38.219210 0.125000 27.333112 
2176.354300 410.879087 2035.170992 418.267467 64.098835 0.125000 10.029673 
965.188726 2761.405926 1305.301127 2779.265383 28.385579 0.125000 21.780009 
3056.034266 1608.231160 3146.380294 1579.312188 21.242160 0.125000 1.345958 
4600.962220 1824.079979 4636.558029 2054.759583 33.431978 0.125000 36.999669 
1567.972221 3195.518202 1550.461691 3295.952238 35.970417 0.125000 0.595098 
4503.676640 1335.197158 4490.342182 1245.693936 21.255235 0.031250 0.200483 
2178.614693 1325.350503 2166.033347 1455.100200 19.906633 0.125000 0.671000 
485.497843 2355.150098 570.381795 2073.607629 20.977541 0.125000 33.168536 
4.838798 1256.261819 95.177013 1254.595260 21.287738 0.125000 3.838170 
2218.124520 2747.043381 2323.634737 2788.476655 24.581695 0.125000 0.057377 
3435.045638 2017.666351 3124.977602 2018.783544 21.044751 0.125000 36.073090 
4075.224659 381.747553 3724.870939 383.889466 71.099114 0.125000 74.448616 
4275.086177 2844.887678 4467.127055 2992.227625 25.101571 0.125000 8.530964 
3.291656 606.068768 204.361496 587.924334 43.433096 0.125000 13.458501 
4703.965873 3315.148342 4674.046268 3106.571272 23.975495 0.125000 7.525818 
4894.963274 2366.858846 4846.748870 2106.528146 37.876330 0.125000 45.737721 
3.078990 2234.309468 64.060830 2064.662403 24.848730 0.125000 10.965219 
1043.764062 2494.717540 1082.672739 2324.468130 46.515316 0.125000 11.753327 
176.425436 1749.142819 275.732283 1475.265523 24.686849 0.125000 26.423784 
696.251263 825.027996 444.621566 832.893865 66.841380 0.125000 61.998417 
985.436987 3035.103077 965.979912 3117.589951 26.902887 0.031250 2.010469 
2853.317083 2764.842288 2836.508415 2944.204222 29.869128 0.125000 3.847814 
3256.736798 1494.284670 3114.240558 1520.940136 33.165939 0.125000 3.197926 
5494.341079 2869.155814 5725.237230 2879.903513 45.071452 0.125000 37.063330 
5795.096837 860.192369 6015.208958 864.625932 32.813266 0.125000 11.974282 
362.434392 1227.654790 457.219479 962.221608 24.218352 0.125000 31.906096 
4024.582540 2450.363450 4115.587899 2457.446782 39.879384 0.125000 8.973533 
4306.171848 1814.188022 4224.942364 1824.548100 44.739223 0.125000 3.128152 
84.355052 2241.449805 127.375384 2112.457115 37.950345 0.125000 3.521360 
4718.672034 1844.371167 4754.749414 2055.042913 31.799492 0.125000 30.221743 
2565.770289 399.753692 2204.253271 411.003437 74.009536 0.125000 81.177682 
3075.333214 414.008417 3024.367622 396.881843 34.287161 0.125000 1.345958 
5255.045933 2437.137776 4394.958445 2432.112983 21.401760 0.125000 50.817488 
1293.295133 1226.902093 1330.148928 1066.180661 21.729088 0.125000 9.786617 
5454.732904 1410.040709 5595.402026 1402.464584 34.258971 0.125000 18.315632 
437.053496 1458.980833 284.470087 1481.392192 46.841398 0.125000 15.552649 
344.278136 1748.283664 402.393065 1584.077369 22.772445 0.125000 9.180312 
3940.209124 1445.398968 3925.184832 1264.984608 23.250582 0.125000 6.514694 
5132.706244 1397.645233 5208.222912 1748.609907 48.260660 0.125000 85.095361 
57.055317 2145.730582 25.287341 2235.102138 20.095763 0.031250 2.504269 
3455.281455 1063.911892 3575.029377 1094.886430 41.229691 0.125000 1.714397 
3923.546536 1060.211760 4125.524515 1079.510500 31.323190 0.125000 22.051263 
4625.046284 1764.743964 4837.153589 1803.086573 46.590985 0.125000 27.357596 
3315.132436 478.542071 3555.236534 483.466021 43.477144 0.125000 10.734762 
1248.435311 2013.434415 1333.868191 2038.810437 24.866808 0.125000 1.241680 
3566.745780 377.157392 3214.526543 396.278881 64.248479 0.125000 75.495712 
2312.032821 3103.328916 2396.727921 3081.796595 26.374921 0.062500 0.549296 
3057.087754 385.054062 2704.397323 403.437490 72.931847 0.125000 77.867508 
5734.868233 2418.796683 5785.501364 2420.553954 31.022501 0.062500 4.674568 
3943.411600 462.688752 4066.425083 488.101792 35.126511 0.125000 13.240561 
2754.461240 2087.432730 2844.475660 2107.367615 36.891507 0.125000 6.458283 
5994.150096 992.739107 5961.751255 947.317292 49.985705 0.125000 0.057377 
518.818424 1226.343601 572.394768 1074.083288 23.759364 0.125000 6.895454 
837.930112 837.388163 756.847021 823.898227 59.169009 0.125000 2.877926 
2715.047292 509.049938 2574.832867 510.687249 51.397759 0.125000 12.847247 
970.677092 1066.592907 924.269391 1231.989152 26.183008 0.125000 10.313114 
4725.040809 2093.052722 4644.866450 2091.372493 21.252764 0.015625 3.347541 
5163.353830 1753.166337 5123.821356 1573.063715 41.213832 0.125000 39.668466 
607.011590 949.885921 475.361654 967.676270 44.996366 0.125000 11.402536 
225.950099 828.292493 4.279423 837.334419 60.765268 0.125000 41.277550 
95.430520 2285.121035 78.332867 2345.936994 24.666489 0.031250 1.674919 
4593.512140 3255.234213 4576.131485 3144.821886 17.866736 0.125000 0.412161 
1265.147205 827.004939 1184.791426 827.990266 50.486687 0.125000 2.691498 
1395.001810 1751.803771 1175.001880 1751.679209 29.932052 0.125000 11.500546 
1367.314348 2505.463368 1462.028275 2032.402863 33.427008 0.125000 110.775280 
4212.975415 1842.213532 4112.472371 1814.005862 63.172327 0.125000 6.218598 
230.487775 1663.227911 194.520083 1754.811522 18.615831 0.062500 0.011730 
4153.870284 1445.122371 4133.296171 1255.184559 25.767637 0.125000 16.662933 
4618.447858 1244.412952 4652.950058 1447.051678 21.820370 0.125000 13.320553 
494.925150 591.107042 714.651651 586.882350 41.146018 0.125000 29.084319 
1033.037936 2821.776861 1163.668867 2859.597658 27.297945 0.125000 6.720679 
901.919854 1217.069788 945.283449 1072.093696 26.859869 0.125000 12.400894 
1199.682063 1635.858782 1216.303491 1545.239086 47.375476 0.062500 2.320434 
634.857375 2006.147971 805.943742 2027.403958 30.943806 0.125000 14.714416 
1844.857078 2359.406611 1674.711724 2353.888188 19.989489 0.125000 5.748343 
4095.006042 1693.489897 4445.000440 1694.890136 20.479926 0.125000 19.938506 
5213.421712 2039.131490 5275.781648 2062.953877 22.957604 0.062500 1.141069 
3363.854674 1071.558211 3445.815817 1064.574598 30.668467 0.125000 4.706702 
4585.735806 377.415712 4244.549658 385.160316 75.894620 0.125000 55.967103 
5674.701072 2828.427824 5965.010162 2815.223422 33.149604 0.125000 25.562994 
212.411786 95.911408 200.298216 194.421834 33.598562 0.125000 8.083819 
1177.683781 1727.377974 1193.191684 1644.660974 50.986484 0.062500 3.899405 
5525.612654 1111.818589 5491.939790 1016.076285 48.207570 0.125000 12.752798 
4413.358799 1081.225735 4615.258487 1057.169424 39.254327 0.125000 25.117160 
1145.772199 821.225783 894.839926 825.417593 69.990235 0.125000 49.116175 
1411.298789 1144.217782 1394.259264 1224.843452 25.770991 0.125000 0.379692 
1474.401698 1974.880366 1500.934429 1842.187505 33.341320 0.125000 21.129279 
4837.939519 2056.290750 4801.589084 1857.451695 40.193209 0.125000 30.798233 
668.706016 1746.081979 747.625224 1475.766440 23.611891 0.125000 23.008203 
3797.305986 494.724872 3936.588227 461.697916 37.114716 0.125000 6.578643 
5474.930202 782.718640 5224.552668 790.378966 65.991758 0.125000 44.127647 
2435.156906 1461.670752 2275.010294 1465.437633 31.402601 0.125000 6.000469 
4571.577830 2374.017854 4561.135878 2304.083843 22.734210 0.125000 0.785907 
2272.819580 1374.820907 2266.225650 1455.100671 20.751487 0.125000 1.688997 
2965.089343 2594.762293 2966.751260 2735.215928 51.297983 0.125000 14.332397 
4755.439878 380.868935 4675.206339 378.371387 61.215488 0.125000 5.533953 
5838.635595 2546.986838 5806.637758 2444.488725 20.302889 0.125000 2.105527 
387.138945 844.286978 325.598974 832.000006 64.712523 0.125000 1.200827 
1275.237607 1411.722523 1464.965406 1425.477182 37.726086 0.125000 18.367492 
2605.534543 3105.848976 2746.369317 3017.174787 38.237240 0.125000 14.475199 
2977.830520 2734.415822 2971.690119 2914.887384 39.296777 0.125000 12.400564 
4645.021713 2064.147523 4725.224384 2066.190295 21.521228 0.125000 1.241680 
259.490056 1746.615977 318.498055 1582.659941 25.204509 0.125000 10.313114 
1054.981896 950.085985 994.947060 949.872282 35.106535 0.062500 0.080909 
1492.247018 1144.418331 1477.234291 1215.472077 21.635220 0.125000 0.785907 
3840.403338 1093.712000 3920.810978 1070.493229 26.409187 0.125000 1.241680 
2764.842743 1864.666288 2654.845834 1864.083211 50.211329 0.125000 4.567668 
3314.791551 1695.593964 3165.046287 1692.647544 39.992259 0.125000 6.337449 
1093.278522 1971.588689 1265.574129 1949.472794 31.295651 0.125000 21.716797 
2444.973978 3127.666208 2535.062996 3128.545477 20.877405 0.015625 0.842476 
5575.724023 1410.680700 5674.621440 1427.258376 41.102794 0.125000 1.643691 
6195.038122 1826.965835 5154.971834 1828.770888 51.596598 0.125000 217.405083 
442.271200 1067.613814 382.431927 1234.076842 22.203716 0.125000 6.895454 
4335.033172 471.985643 4595.111722 474.847700 41.978284 0.125000 15.845297 
5278.379541 2268.625022 5242.796751 2105.480542 40.327705 0.125000 34.591483 
5841.846194 2761.432399 6011.952775 2721.890908 49.385270 0.125000 19.242390 
5955.152693 1416.355235 6116.484765 1398.178129 31.070303 0.125000 15.209927 
2890.320039 1064.180618 3015.091697 1094.624186 46.204586 0.125000 11.641949 
3222.101620 3044.984973 3222.723778 2924.988198 10.622032 0.031250 2.393946 
5890.365991 919.524523 5823.937364 898.330655 50.265580 0.125000 0.791837 
435.828535 1229.118995 494.522003 1074.818178 28.442469 0.125000 5.721656 
1614.940270 820.042450 1304.985264 823.776908 70.597296 0.125000 59.919452 
2995.227175 2105.046963 2971.780151 2218.468859 71.233485 0.125000 19.704882 
3265.068602 499.702475 3154.800300 501.311119 50.578156 0.125000 2.741003 
3905.804478 2964.805333 3903.891096 3055.188222 31.051530 0.125000 8.193134 
5547.855661 1204.156389 5523.711277 1122.426541 49.042260 0.125000 18.734942 
743.344051 3124.613252 705.839794 3285.196134 18.835160 0.125000 4.107293 
984.276829 1217.622792 1025.369646 1072.277258 26.349153 0.125000 11.504723 
894.691131 2853.572827 1025.076779 2825.354770 25.090730 0.125000 11.695534 
4129.149235 2314.089799 4151.456033 2415.777426 33.588647 0.125000 1.833124 
6145.015789 1249.642836 5854.951128 1250.629294 20.135916 0.125000 39.618777 
875.284359 922.796534 684.808289 929.743670 41.066869 0.125000 15.225038 
143.788890 179.643904 200.372847 72.555089 31.698594 0.125000 0.462430 
2855.861870 476.251535 3026.179182 493.030634 45.689815 0.125000 14.182569 
4605.028823 2091.691192 4544.946272 2091.167808 20.434779 0.003906 6.521523 
313.581807 1664.533366 286.899858 1745.625118 25.371541 0.125000 5.301357 
592.899632 1077.058367 580.063916 1126.319479 24.073594 0.031250 0.123181 
1183.520679 3464.749569 1203.826448 3344.801332 31.093219 0.125000 10.659384 
870.947398 1143.798632 844.807080 1231.978374 20.956322 0.062500 1.119359 
1044.942046 1269.173105 764.870292 1271.958674 22.684274 0.125000 33.412024 
2064.532830 486.061619 2155.330112 481.316046 24.148286 0.125000 3.838170 
2364.247851 486.047095 2486.404999 494.364249 44.662598 0.125000 9.329195 
4934.844287 2526.190543 5335.045095 2531.759201 24.311191 0.125000 40.442016 
4295.143891 490.324015 4194.676741 493.039317 51.062425 0.125000 3.521360 
4724.913386 1529.890073 4504.637671 1533.623760 61.855622 0.125000 48.489041 
2296.216797 1066.141156 2465.765159 1089.429291 29.339310 0.125000 14.389085 
1495.001634 1819.438580 4.998966 1819.538216 50.092949 0.125000 303.739410 
427.682702 1575.898277 371.457742 1743.813908 22.354593 0.125000 10.659384 
5985.202848 777.654112 5715.026913 779.332447 69.998649 0.125000 81.272417 
4510.627585 1243.956054 4551.744413 1465.603928 29.496769 0.125000 18.707922 
4810.433941 1857.938300 4729.879357 1829.509757 41.601753 0.125000 9.786617 
5054.819138 2883.256271 5195.381381 2868.676987 43.913268 0.125000 11.402536 
1084.504975 2031.601721 1245.459666 2008.155545 29.881487 0.125000 12.752798 
5344.598853 858.687289 5515.835903 877.316496 54.240363 0.125000 20.433866 
1519.318108 1747.869055 1652.639760 1082.523261 43.056817 0.125000 99.919163 
2165.089141 519.116342 2024.938312 522.151369 20.644823 0.125000 10.201795 
3146.068816 507.837773 3066.351777 495.941631 53.880249 0.125000 3.443265 
5974.929181 2681.686165 6184.833317 2677.200376 33.838991 0.125000 4.640492 
794.779753 1664.932625 769.834360 1746.478854 22.050404 0.125000 1.345958 
2895.206963 2341.698492 2804.310412 2336.000417 19.335172 0.062500 0.011730 
2732.107512 464.727016 2874.867953 424.531021 27.661925 0.125000 11.504723 
4624.641141 1066.125526 4705.941500 1092.047078 25.544655 0.125000 5.301357 
3637.791933 2169.027991 3487.840074 2098.925018 21.764155 0.125000 8.228056 
4514.264446 1802.390127 4621.391902 1772.197843 32.813454 0.125000 8.973533 
187.428238 2005.514957 293.064920 2032.558697 26.815421 0.125000 3.857471 
1794.973598 3037.123778 1615.001412 3034.886405 11.118000 0.125000 0.785907 
5175.002276 2484.626997 5014.947220 2483.650434 40.121282 0.125000 5.514839 
774.955865 1416.259703 965.072853 1422.920619 33.483044 0.125000 14.735359 
1850.260592 2845.571452 1866.714757 2694.099984 34.366389 0.125000 4.972850 
3005.015609 1459.886534 2714.986626 1460.812941 20.287374 0.125000 36.098686 
4722.759316 1446.729087 4709.707964 1354.334965 50.907190 0.125000 11.303810 
945.096143 853.182452 1145.593074 863.788120 27.845194 0.125000 11.641949 
1164.919973 2968.845705 1265.033079 2967.543882 21.038503 0.125000 1.345958 
3034.166893 1523.827768 2873.568528 1535.803500 57.297860 0.125000 28.156432 
3240.139362 459.558660 3366.505022 419.781174 32.680108 0.125000 5.190146 
6138.525710 2076.700603 6169.158429 2163.532990 40.498206 0.062500 1.671866 
1604.851636 3080.327130 1805.253206 3085.908461 44.717285 0.125000 20.433866 
1364.836436 898.378697 1564.714465 893.441160 33.695133 0.125000 23.440721 
3486.081018 2072.241995 3645.159229 2134.593758 33.592202 0.125000 29.904567 
1975.218701 2775.615178 2046.832896 2750.155698 25.543983 0.062500 0.522465 
332.886496 1409.032957 495.228434 1433.483277 35.622645 0.125000 18.124987 
520.265604 1066.864330 464.356977 1224.772332 25.528314 0.125000 7.306311 
1129.994571 2236.256803 1148.346483 2163.325751 46.174910 0.125000 1.066092 
1266.046478 924.563539 1134.854284 917.845656 45.843423 0.125000 12.418088 
5784.884370 2791.738780 5454.981502 2786.078019 27.422133 0.125000 28.086647 
656.572623 2145.415359 632.395751 2236.953354 21.890529 0.125000 1.241680 
2875.224351 1530.573800 2294.830384 1535.665412 63.331182 0.125000 143.649687 
5236.037195 59.584922 4929.160695 567.513776 41.012424 0.125000 128.980873 
6117.910360 1403.937197 6197.652970 1424.915583 26.974463 0.125000 7.107537 
2505.020031 2462.319346 1714.914701 2456.415479 32.016614 0.125000 89.117373 
3844.903676 417.854504 4065.327572 425.292620 26.059195 0.125000 17.682376 
2734.425329 1091.832169 2888.427685 1063.894861 32.217830 0.125000 12.919007 
3133.662092 2265.293968 3142.730741 2615.058837 37.765661 0.125000 28.378485 
4575.012415 2524.025349 4674.996193 2525.298891 10.126553 0.031250 0.484877 
5035.148393 1239.821192 5125.063211 1237.053671 19.682885 0.031250 4.473908 
53.756998 2028.107016 184.902223 2004.457786 28.555848 0.125000 4.158208 
2244.576797 1020.440325 2425.005692 1015.195842 41.145293 0.125000 14.626280 
935.612476 895.522096 1115.507461 907.147176 37.982133 0.125000 16.804262 
2184.961458 1094.788596 2322.222212 1069.763837 28.643623 0.125000 8.358173 
3814.675744 1575.943941 3662.072350 1523.522673 15.666315 0.125000 8.913717 
5044.994161 1207.704389 4990.328964 1005.451250 67.575254 0.125000 27.844142 
5285.074486 2549.800243 4885.013331 2544.069409 21.287057 0.125000 21.030698 
1704.610386 3014.833630 1804.849238 3018.805151 20.380216 0.125000 0.379692 
4625.032714 808.030961 4374.953914 810.730145 12.481739 0.125000 22.679378 
3854.132965 1557.562198 3653.428258 1489.644693 15.883146 0.125000 10.818657 
4684.478277 458.942328 4795.378176 449.390960 26.790902 0.125000 2.477449 
2472.377968 3237.640072 2615.578481 3186.623772 43.627595 0.125000 11.962315 
2274.537329 450.387514 2454.730435 432.312638 26.855978 0.125000 11.500710 
2885.243302 423.200480 3065.995256 447.638847 28.389654 0.125000 8.293245 
3466.015130 2395.001071 3466.173370 2245.001238 10.137136 0.031250 0.285970 
819.479924 1576.163336 801.187359 1646.606718 26.523539 0.062500 0.522465 
864.929712 2684.222484 1314.979784 2687.652485 41.980339 0.125000 53.609577 
774.880192 1644.963209 793.440878 1584.521221 24.989922 0.062500 1.414092 
4925.021593 2654.345851 4804.492733 2650.367237 20.319029 0.125000 1.348026 
134.574361 2351.425635 158.152804 2282.652482 23.648386 0.125000 1.345958 
4544.352237 2063.212856 4615.487160 2068.823401 22.265953 0.062500 0.011730 
958.213239 1473.846188 843.270403 1456.386509 47.055178 0.125000 16.990897 
2674.956806 3146.592974 2545.052317 3143.070565 20.805814 0.062500 2.755150 
3775.106224 496.672255 3575.011225 494.119957 51.271373 0.125000 22.087347 
903.159134 1584.489464 859.097969 1743.363163 22.510279 0.125000 6.720679 
1694.912926 110.124926 4375.129557 62.253638 60.162573 0.125000 678.820832 
5401.116523 926.657108 5332.112057 903.668796 47.436882 0.125000 4.926507 
744.736231 895.400158 805.240081 893.737733 21.365754 0.062500 0.662178 
6074.963087 2649.369812 5334.931420 2643.118612 31.097027 0.125000 107.107173 
3381.872797 1777.119094 3393.466438 1684.807396 29.813178 0.125000 0.860447 
3636.292996 2133.254330 3702.644702 2197.048863 35.487425 0.125000 4.926507 
2053.449527 1740.276638 2215.665755 1687.028156 34.741275 0.125000 11.900735 
4708.670298 1345.940555 4693.915887 1246.647032 46.914582 0.125000 4.785068 
1664.959220 2731.132919 1845.044648 2729.233840 38.837843 0.125000 6.877872 
6155.614112 891.704307 6042.101944 870.552706 42.986834 0.125000 4.785068 
1.842610 881.750811 96.026178 859.306097 26.864620 0.125000 3.808005 
465.356823 904.120191 665.141928 910.672497 32.606210 0.125000 16.564528 
1794.723154 2559.736735 2085.184229 2565.193375 33.939099 0.125000 45.651516 
4185.035483 498.393120 4094.984374 497.909492 30.106978 0.125000 1.489205 
264.907377 1434.482877 352.109828 1418.863879 26.738955 0.125000 2.105527 
3541.567704 2815.060431 3536.284283 2514.977388 26.826667 0.125000 27.243179 
615.034081 1057.322759 445.035381 1057.792923 30.470052 0.125000 10.702729 
3284.693614 1094.030933 3356.955249 1071.184244 28.113329 0.125000 1.241680 
4496.064110 1134.848904 4508.788506 1224.462061 17.613027 0.015625 1.692409 
5081.576324 1415.102005 5135.544801 1433.392493 28.571066 0.031250 0.285970 
1315.576933 1012.253514 1224.561958 1019.492695 22.315674 0.125000 0.379692 
59.116766 65.469514 47.858281 164.185492 27.073068 0.125000 1.348026 
384.956428 930.703528 234.971854 932.224564 21.013048 0.125000 11.622987 
1644.998263 2835.092886 1825.122266 2838.460693 12.428458 0.125000 1.688997 
733.598815 1384.976107 935.249991 1356.788401 39.188811 0.125000 17.913608 
1193.996391 2054.806406 1159.085468 2235.788077 21.880730 0.125000 7.704702 
3152.790692 2894.980662 3151.652151 3025.058225 20.349332 0.125000 8.425431 
2174.948885 2521.430656 1694.979210 2517.615562 21.986459 0.125000 70.200597 
5124.698426 3254.546224 5334.812048 3248.484802 45.750628 0.125000 6.511222 
1674.948801 2663.471193 1855.002663 2664.559415 11.087694 0.125000 2.592087 
415.050053 1571.406013 264.800657 1569.313496 31.668164 0.125000 6.019295 
2194.603067 1759.579819 2355.990872 1773.567304 29.423399 0.125000 9.114004 
4040.183838 1639.542640 3899.098857 1592.818795 38.156229 0.125000 10.097395 
4855.026529 490.638387 4624.984571 491.720750 20.893732 0.125000 28.781697 
3582.220051 2168.616126 3639.260061 2212.466449 43.901675 0.125000 2.673230 
420.312253 887.967267 544.654798 853.745723 30.605439 0.125000 7.538253 
1335.111922 2589.352189 1074.887620 2590.548172 51.102494 0.125000 34.069755 
542.302200 1983.166958 707.399931 1945.526535 30.613878 0.125000 20.027376 
2225.212568 1692.243108 2375.092565 1703.799476 29.142460 0.125000 15.788344 
2204.998543 2504.292795 2344.997949 2504.004348 10.267822 0.062500 3.495177 
3924.984037 1005.358333 4085.111734 1012.491891 25.519771 0.125000 9.815624 
2334.700612 2565.141711 2495.741091 2569.895702 39.097354 0.125000 9.886177 
5165.029224 2834.394815 5044.344851 2828.566968 17.870748 0.125000 0.517008 
1824.979784 2857.923968 1644.988388 2856.679504 20.760046 0.125000 12.416706 
2768.616802 506.963678 2856.620091 480.358945 46.969979 0.125000 7.306311 
5574.898675 2737.821934 5735.007931 2735.561853 29.714722 0.125000 4.785068 
884.997960 1569.184317 744.993119 1569.116071 30.058491 0.125000 10.830798 
5325.193048 3029.020880 5074.485787 3020.926273 54.169094 0.125000 42.742585 
4676.601473 1154.459310 4601.886935 1122.212943 44.650741 0.125000 7.399256 
1805.014908 3153.980034 1594.913630 3150.909138 30.873678 0.125000 7.703372 
4645.032273 3012.606234 4514.921102 3010.852060 20.941845 0.125000 0.057377 
4625.000000 2895.000000 4445.000000 2895.000000 10.000000 0.125000 2.592087 
4585.665612 1116.047888 4413.278947 1126.433826 48.706723 0.125000 15.731291 
844.917947 2770.737799 955.038431 2772.312576 20.283936 0.125000 7.107537 
1855.011647 2621.708295 1675.003023 2621.550562 30.017514 0.125000 11.936967 
2376.718938 1710.910746 2455.422757 1743.994285 23.780851 0.125000 4.398267 
3573.750137 1355.021010 3572.069664 1255.049257 11.343156 0.007812 0.082654 
5255.071215 891.671855 5094.982715 893.380621 21.493119 0.125000 16.138437 
2285.015016 1549.706677 1854.987490 1551.078600 21.020793 0.125000 64.002206 
4874.998784 2545.570813 4395.022266 2544.548298 20.319505 0.125000 12.554587 
564.620648 2032.757098 653.761974 2017.680227 24.722910 0.125000 5.301357 
1304.969148 2738.389152 844.916239 2734.201170 31.364190 0.125000 77.736861 
2085.011760 2624.541121 1924.860665 2620.436648 29.477745 0.125000 7.777814 
3760.732276 454.274629 3838.339974 423.393808 27.874351 0.125000 3.111025 
1154.819987 2257.794654 1285.238250 2254.536385 22.241550 0.125000 0.303493 
3206.338083 2358.850870 3230.116548 2286.685910 50.617977 0.125000 6.895454 
5183.806453 1968.626279 5306.925625 2009.149492 28.376612 0.125000 1.066092 
872.312571 888.674874 937.533814 860.963578 24.845631 0.125000 2.592087 
4745.004662 2524.475328 4924.990451 2526.074655 15.265776 0.062500 7.107537 
394.693586 584.628435 504.978924 586.350067 49.837821 0.125000 7.622936 
2267.350983 513.220864 2355.834104 487.916675 46.706937 0.125000 3.916618 
3239.564468 1048.648743 3338.529045 1015.552603 28.544276 0.125000 10.201795 
1275.426625 1953.770540 1382.896241 1991.062677 32.395184 0.125000 3.914471 
4265.003573 1550.351961 3925.003724 1550.578925 20.193582 0.125000 46.843497 
1208.445403 1012.703859 1327.078497 959.647482 27.385952 0.125000 7.399256 
1750.780044 1756.057212 1783.932450 1574.804737 24.230602 0.125000 14.924351 
1835.010401 2791.698551 1654.980683 2791.131377 30.094364 0.125000 18.509616 
2514.962377 2417.808436 1894.939684 2409.502419 22.409325 0.125000 55.391646 
3579.853766 1445.344071 3574.484367 1365.034475 23.290940 0.031250 1.530001 
1245.033999 3022.070430 1154.987995 3022.503425 20.336367 0.125000 2.592087 
1694.968001 2498.414818 2195.111497 2503.101535 29.811276 0.125000 42.248196 
3603.739497 2238.645700 3460.158619 2189.002522 43.635419 0.125000 12.718453 
2245.810466 518.277347 2174.436671 509.672705 43.303172 0.125000 1.313361 
4955.036046 1528.330221 4724.959344 1528.685695 60.339833 0.125000 52.866883 
2265.046900 2671.012503 2495.015087 2673.717310 21.645135 0.125000 19.241301 
4111.678048 1154.702871 4016.040876 1121.959772 38.099939 0.125000 5.284950 
1635.170905 1010.679497 1574.960060 1011.335790 29.998218 0.062500 0.011730 
1785.011551 3222.009768 1574.976055 3221.198390 20.733825 0.125000 20.500374 
3465.156583 1004.418044 3624.391315 1047.262239 37.889918 0.125000 7.796372 
4954.790844 553.687268 6195.291236 530.752232 43.521575 0.125000 364.404461 
3695.279132 2394.860026 3631.131847 2266.939736 31.325854 0.125000 2.250281 
1075.106546 1052.630971 895.141629 1055.143696 31.532780 0.125000 6.133153 
2464.887881 435.425840 2556.440044 459.530569 24.433111 0.125000 6.204447 
700.298472 3316.206452 593.626332 3784.687219 23.071355 0.125000 32.741349 
2334.920522 2914.968842 2465.070814 2913.937649 20.950114 0.125000 13.760039 
874.959309 2631.988393 1315.002617 2634.550632 12.561773 0.125000 25.169337 
1854.982133 2685.999590 1665.042816 2682.604590 21.783933 0.125000 2.877926 
708.373179 1676.027377 687.165177 1745.659453 19.957677 0.062500 1.141069 
3946.495128 1254.913868 3952.269965 1355.157272 16.692279 0.125000 0.379692 
1284.864931 1366.075422 1444.828292 1363.654465 29.693911 0.125000 10.499467 
1664.703360 3272.537603 1785.111196 3269.671562 49.509921 0.125000 9.881883 
3446.617184 1419.812233 3263.745656 1481.267466 28.824428 0.125000 10.097395 
616.501562 2282.527475 595.383996 2355.111719 15.776107 0.062500 1.086937 
712.123924 1946.428543 855.619044 1982.540130 34.038139 0.125000 8.806645 
1065.150464 2589.690685 875.070542 2587.822532 51.176919 0.125000 27.590852 
1634.890627 2898.409166 1825.015760 2904.508755 37.414193 0.125000 11.559822 
3127.058445 2624.915366 3137.320017 2874.493454 32.439533 0.125000 5.952919 
3794.690346 1043.920112 3922.762222 1007.195966 34.420055 0.125000 1.426762 
3096.281690 1538.702231 3054.379768 1553.208427 17.170931 0.031250 0.484877 
4388.393193 3241.899171 4286.276344 3144.109694 29.501899 0.125000 0.462430 
5094.999801 3065.050611 5274.997006 3065.759864 10.275745 0.125000 1.688997 
104.679756 858.611463 226.383017 869.403432 26.349630 0.062500 3.931939 
185.017389 55.462896 345.167046 49.446814 14.873008 0.125000 3.994932 
1204.967381 1394.886600 1307.952231 1365.263419 30.278122 0.125000 8.095321 
4465.012038 3514.105962 4294.908233 3511.815645 11.614655 0.125000 1.688997 
745.244221 2040.990871 654.986558 2044.670269 17.834618 0.062500 0.662178 
4755.322460 2653.528429 4594.887037 2649.018678 26.616353 0.125000 6.895454 
4015.400879 1120.056889 3853.248944 1132.911287 56.955956 0.125000 17.729834 
2855.184889 2756.266016 2965.747637 2740.119382 28.460528 0.125000 0.530114 
4514.989687 2587.245264 4795.075639 2588.531705 30.504911 0.125000 20.459191 
22.503876 1980.542308 244.518551 1942.211422 38.423071 0.125000 18.350980 
1584.926905 3199.879847 1785.031797 3202.877191 12.994315 0.125000 11.090711 
3240.405273 2293.207520 3280.291591 2190.965505 59.531461 0.125000 12.718453 
5744.824323 881.418235 5644.575014 886.335221 42.401408 0.125000 1.101342 
1885.032413 2410.020684 1694.975371 2408.783512 21.106164 0.125000 19.108271 
1315.146060 2655.077092 864.949211 2648.450441 18.967584 0.125000 55.551567 
4515.500094 774.922615 4493.875314 635.174035 20.471917 0.125000 2.310611 
1884.639330 3594.928794 1904.391775 3494.879919 31.494947 0.125000 4.107293 
3343.395271 1016.461013 3455.154695 1006.787153 31.612983 0.125000 0.595098 
6169.658558 2180.001754 6195.207219 2254.929343 38.076679 0.125000 1.076562 
240.159236 1950.113029 344.552393 1986.291571 29.095891 0.125000 6.387571 
4475.305745 3464.471927 4677.128430 3581.323847 32.797684 0.125000 16.590585 
3791.770782 2015.176714 3842.085423 2934.612262 28.465495 0.125000 141.529462 
3954.988623 1214.022558 4014.998922 1213.960362 30.051805 0.125000 1.345958 
5485.048113 2821.956222 5665.003149 2824.800784 20.471655 0.125000 3.686172 
245.646271 1397.000307 326.861263 1370.760894 31.621423 0.125000 6.447638 
1840.713899 1226.101120 1873.733658 1054.755964 23.065252 0.125000 13.199819 
4334.779357 420.670157 4514.821414 411.495471 27.925423 0.125000 10.920425 
4384.825635 2522.240198 4565.009481 2524.062549 16.414843 0.125000 0.057377 
4495.063118 1550.778182 4374.940463 1548.982286 21.044184 0.125000 8.010627 
1873.802791 2944.899601 1847.777849 3255.232954 17.549261 0.125000 15.105408 
4545.032478 2944.311309 4635.303309 2948.568417 30.908834 0.062500 3.236619 
937.288348 1367.535489 1031.499863 1396.417323 29.450271 0.125000 2.310611 
4088.894236 1014.289822 4174.807956 1045.528172 23.445541 0.125000 0.412161 
4156.310701 2334.830960 4148.535561 2274.544023 31.032670 0.062500 1.119359 
5955.023411 2702.960488 5384.983734 2696.417026 20.916939 0.125000 62.495111 
1255.185960 2042.851701 1194.893938 2041.928781 20.609885 0.062500 1.086937 
6175.000091 2605.953274 5625.000096 2606.006026 20.037406 0.125000 27.114029 
4505.004309 1509.900536 3784.996373 1509.292111 20.481657 0.125000 109.774604 
4405.169673 2589.512179 4514.638850 2585.395782 29.978812 0.125000 0.530114 
5005.187756 2485.921355 4834.846991 2482.398525 21.029557 0.125000 5.497126 
5635.003034 889.258464 5544.995955 889.322593 10.064122 0.031250 0.484877 
2494.982228 2526.049581 2224.890340 2521.476178 21.520864 0.125000 10.458205 
2485.021785 2800.051315 2334.980671 2799.390802 20.484045 0.125000 9.942595 
3193.627727 2755.129300 3195.432442 2634.706750 31.345267 0.031250 4.947495 
2134.993945 1513.907408 1865.002237 1515.403594 10.387753 0.125000 8.913717 
4366.597991 1027.335132 4605.184826 996.426697 36.738205 0.125000 16.878894 
5394.964781 2679.317909 5965.008422 2683.967463 22.609324 0.125000 58.312079 
2917.790578 2225.609584 2905.857551 2475.994046 39.478602 0.125000 21.355661 
3394.240373 1216.258895 3456.378188 1210.858939 29.887356 0.125000 2.228005 
3594.332579 2400.627462 3685.447633 2404.518826 32.532838 0.125000 2.477449 
4475.827523 575.019736 4405.481460 580.829570 23.224501 0.015625 1.692409 
2894.658777 1008.112266 2995.637720 1019.183406 26.419970 0.125000 6.447638 
354.843221 1364.718785 454.972428 1363.191908 49.994188 0.125000 1.714397 
4645.019933 2482.224674 4504.955337 2481.218717 30.214684 0.125000 3.916618 
5074.957853 2766.124049 5175.191888 2769.882360 19.604243 0.062500 0.522465 
4524.622529 416.383080 4606.696792 438.782837 21.042764 0.125000 0.464982 
4202.385478 2466.183614 4218.284554 2635.630107 22.715112 0.125000 4.158208 
4434.821198 2763.169439 4564.977716 2766.018135 31.962149 0.125000 9.180312 
4864.733053 2696.319357 5165.037697 2703.401515 25.652846 0.125000 19.938506 
5243.228961 837.716228 5353.975920 810.788255 22.062717 0.062500 3.816192 
3201.199281 2627.560856 3176.215177 2492.918916 40.443191 0.125000 7.622936 
3854.931592 1212.890544 3915.100461 1213.412183 30.258950 0.062500 1.119359 
1104.464836 3266.133435 1195.216513 3270.495703 23.337827 0.125000 2.228005 
5845.357339 802.602116 6027.278190 829.712476 29.245446 0.125000 10.612907 
440.954191 1353.988096 542.820795 1399.841283 29.175339 0.125000 0.020535 
1574.866325 3268.992827 1655.445585 3271.690519 20.992601 0.125000 1.688997 
5062.570234 1351.833493 5158.251766 1385.854708 30.988061 0.125000 1.873085 
1795.046424 3343.784702 1564.618674 3334.982440 29.596417 0.125000 16.277539 
1694.106372 2563.375924 1785.603137 2559.594765 22.488466 0.062500 4.881804 
5724.722290 1966.295919 5845.600127 1992.199541 30.032937 0.125000 3.128152 
2348.103864 1445.788746 2352.374284 1374.841953 20.564699 0.031250 4.452009 
2493.991810 3022.650443 2658.102727 2952.230815 20.951818 0.125000 8.973533 
4607.741593 1004.942473 4745.670397 1042.540652 28.958354 0.125000 6.293091 
5364.663010 1383.923082 5491.619154 1344.195845 25.644556 0.125000 6.458283 
2972.505957 2234.985241 2971.558443 2395.097989 80.412838 0.125000 31.344344 
3536.412786 3034.900623 3538.842722 2824.928744 41.848826 0.125000 10.666315 
3198.494277 2914.798625 3203.122504 2995.108200 13.435497 0.031250 0.875310 
3895.241929 1972.337835 3957.417180 2912.193933 118.341352 0.125000 476.534638 
2685.171346 1045.801661 2884.609698 1003.173933 41.206651 0.125000 15.006317 
4625.070308 2830.802095 4434.956153 2827.618018 30.833088 0.125000 12.672164 
104.391837 898.748587 214.732308 916.649998 20.004167 0.125000 1.257654 
2099.379935 2725.349948 2094.340515 2644.418388 30.544153 0.125000 0.671000 
5356.412663 811.515424 5495.929091 826.131362 18.490431 0.125000 2.971070 
1445.031467 1364.933549 1509.945969 1395.672946 27.592028 0.125000 1.345958 
3178.090613 2634.285472 3165.600602 2755.062111 15.090230 0.125000 0.464982 
5517.571595 2011.950669 5644.936528 1964.828445 30.574928 0.125000 6.293091 
5753.404451 829.463433 5835.252492 805.876149 23.288552 0.125000 0.379692 
1215.050285 3173.330744 1124.830914 3170.612945 20.593145 0.125000 3.495177 
3475.222025 1125.316904 3414.604484 1126.621422 50.633890 0.125000 2.673230 
4178.483742 2145.135803 4180.775217 2255.088047 28.534959 0.062500 2.679747 
5566.554961 2097.379620 5605.308742 2234.913004 30.364267 0.125000 3.443265 
5839.227357 4113.983584 5797.854215 3941.909361 25.608883 0.125000 0.332081 
6009.103036 1673.543949 6037.672867 1754.051475 23.410614 0.125000 3.111025 
692.090409 2237.334546 716.796210 2162.298869 41.004716 0.125000 6.387571 
1805.008533 2969.568657 1624.996881 2969.674091 29.982424 0.125000 10.097395 
4575.162916 3592.006180 4415.092752 3583.295546 14.875575 0.125000 8.913717 
674.999990 1755.003301 435.002260 1754.265216 10.368997 0.125000 8.010627 
2495.096328 2629.860865 2274.986221 2625.735111 24.119454 0.125000 26.692786 
6093.185064 2010.953946 6198.839940 1963.560417 25.495246 0.125000 5.518085 
4414.090631 775.138069 4392.862853 635.324481 19.152465 0.125000 0.057377 
745.797587 2145.210755 721.610082 2236.746652 17.332330 0.125000 0.785907 
734.688321 3207.714323 805.841494 3204.670415 32.109614 0.125000 1.257654 
2424.889762 2981.629589 2324.917404 2979.967226 20.496013 0.125000 4.398267 
2975.913041 2393.318756 2964.358116 2593.228881 76.981483 0.125000 50.945860 
4515.133171 1210.031542 4585.350759 1211.913611 20.260757 0.015625 2.191290 
5544.936863 1345.352263 5656.722791 1365.387974 32.035802 0.125000 3.128152 
1495.778218 3482.638681 1467.498919 3593.079281 26.581811 0.125000 5.542173 
2795.000000 1705.000000 2505.000000 1705.000000 10.000000 0.125000 12.526077 
3639.339994 2213.111943 3676.561376 2298.671112 35.487986 0.125000 1.313361 
1035.027727 3329.074373 764.986848 3327.810819 21.075967 0.125000 35.103327 
3052.625556 1558.178849 2855.612373 1626.759185 13.568447 0.125000 9.313357 
4954.765434 825.943149 5025.372205 843.503431 24.286062 0.062500 0.264090 
3176.821041 2965.045839 3178.846198 2884.593375 29.990500 0.062500 1.125987 
1275.171392 2879.944701 1184.597433 2876.873938 22.021550 0.125000 2.592087 
1822.070071 3844.597106 1799.920042 4005.676555 25.262671 0.125000 8.516425 
4384.898370 69.848365 5225.128869 64.212477 50.870837 0.125000 213.808652 
2182.544568 3304.767091 2214.775058 2964.978663 22.311485 0.125000 22.527765 
4082.073106 775.319495 4067.814118 644.692816 22.052174 0.125000 10.201795 
4512.412500 1723.074901 4635.305850 1696.409581 27.197344 0.125000 2.891639 
2816.620650 1620.023094 3015.297487 1555.922039 16.879231 0.125000 7.234825 
2234.027657 3623.290175 2325.120303 3633.974300 22.193638 0.125000 4.398267 
3938.737007 1134.741022 3943.612683 1205.096142 27.693624 0.015625 0.473083 
2834.961750 3496.874531 4314.957678 3527.074067 20.610819 0.125000 117.019290 
4434.684027 786.692427 4504.962704 784.019423 21.885893 0.125000 0.464982 
4595.018973 2647.834050 4415.004583 2648.100175 20.236514 0.125000 18.847707 
1773.796777 4004.845210 1794.370663 3844.919038 20.823167 0.125000 4.283456 
3407.360878 1113.143343 3292.517774 1146.438094 43.987023 0.125000 4.657691 
2295.051041 1512.120004 2134.974299 1511.485651 20.039471 0.125000 16.138437 
1503.039287 3384.786636 1493.243127 3474.808818 24.414899 0.125000 0.412161 
3438.770287 2254.977425 3439.608866 2395.032279 30.478454 0.125000 18.507614 
4254.154108 2885.137398 4293.420511 3126.880857 26.405334 0.125000 13.967714 
4800.144212 3356.856678 4788.607603 3264.549121 32.248715 0.125000 1.873085 
4804.949029 2588.423871 5125.026963 2593.188809 34.313371 0.125000 17.915844 
3426.373109 2179.074672 3315.485975 2216.442122 31.622606 0.125000 1.833124 
4085.066986 809.801645 3834.976153 813.290590 13.346872 0.125000 15.022055 
3595.458587 1483.668899 3894.425299 1586.668133 10.491353 0.125000 7.234825 
3293.791503 1217.945997 3355.409384 1207.389577 36.114204 0.125000 0.412161 
3413.532368 2475.024726 3421.114318 2925.065463 14.209797 0.125000 33.855663 
4405.077420 1730.574009 4074.828625 1724.797252 25.768463 0.125000 12.420492 
2084.093884 3803.589766 2285.022647 3824.785315 25.638232 0.125000 20.027376 
2192.372491 2974.771187 2161.032546 3334.654500 24.710697 0.125000 21.030698 
2726.505454 2949.069614 2554.191022 3012.813132 19.787270 0.125000 5.905586 
2217.893430 2935.374127 2233.483425 2814.803904 19.834877 0.125000 6.651266 
3994.543956 3968.296784 4315.195691 3979.294288 38.605407 0.125000 43.559065 
4611.150912 767.807101 4584.656900 637.096465 37.480119 0.125000 14.389085 
1726.864740 1575.322878 1696.022932 1753.445628 30.499765 0.125000 20.083180 
2876.065787 3003.726946 2844.346374 3226.331784 59.374699 0.125000 49.842575 
3117.771102 2323.379966 3133.186489 2254.593583 16.318396 0.031250 2.393946 
4575.200925 3848.886597 4164.986711 3835.404347 27.215905 0.125000 37.625380 
5051.725808 3413.700725 5087.045597 3596.536612 20.528873 0.125000 11.504723 
5903.331699 2548.866353 5864.552640 2431.834682 22.355598 0.125000 3.018466 
4048.782411 1254.575926 4070.192709 1445.538981 21.079673 0.125000 14.049430 
2945.683539 1125.210101 2864.041036 1130.675848 51.892261 0.125000 1.101342 
3215.507928 1909.842801 3094.709900 1897.945500 17.943400 0.125000 4.879650 
2485.040964 2693.630523 2334.876200 2689.138764 14.181366 0.125000 6.651266 
4495.059040 2479.754656 4394.950303 2480.997737 20.619276 0.125000 1.345958 
4410.300165 3209.845389 4598.000155 3391.906931 43.283981 0.125000 25.519518 
4715.096681 3670.927729 2765.008787 3624.629895 17.706695 0.125000 190.816748 
5024.992853 3405.277055 4704.947860 3397.021249 27.927048 0.125000 49.181686 
845.275378 3020.606809 784.261452 3016.782274 20.586426 0.062500 2.291057 
4974.731151 3770.197624 4555.335993 3748.504276 25.310884 0.125000 30.929417 
5375.001442 3405.346154 5055.048648 3406.678910 21.332768 0.125000 46.855537 
5814.526601 3038.101824 5784.073055 2935.274526 18.764995 0.125000 0.379692 
4613.266699 3427.170839 4419.222139 3272.236366 23.322514 0.125000 14.310054 
1185.263464 3328.709281 1114.549871 3325.747695 31.647514 0.062500 1.057951 
5165.011580 2724.733744 4994.898446 2717.334916 16.073904 0.125000 1.873085 
2067.265786 3065.435109 2086.853244 2963.435540 19.641123 0.125000 3.111025 
2945.122441 1252.501203 2834.988556 1254.298895 21.628066 0.125000 0.412161 
4516.128588 3960.650448 4224.784787 3937.736352 25.203189 0.125000 18.079257 
1831.928089 3194.731523 1851.161397 2974.664516 16.056619 0.125000 11.550185 
3444.799127 513.572626 3293.572255 534.854668 24.133028 0.125000 6.088820 
4874.104654 3661.892350 5154.567969 3698.325761 35.412970 0.125000 29.654871 
3488.510944 2494.927938 3499.594011 3034.905708 13.839572 0.125000 41.393680 
1795.038247 918.103079 1594.945390 920.569309 29.627987 0.125000 12.172640 
1935.618129 3971.243872 1823.711789 3952.827957 22.982188 0.125000 7.538054 
2344.369350 3802.241951 2124.296599 3783.077375 22.078979 0.125000 19.172133 
2855.572573 1116.500267 2751.629940 1156.169704 56.056292 0.125000 3.774471 
4325.006546 2046.843780 4234.972179 2047.163412 10.283944 0.015625 1.688997 
5974.471491 2824.627669 6194.905124 2836.728327 19.421811 0.125000 11.562812 
5941.881438 2545.926251 5903.157298 2415.547305 22.019411 0.125000 7.234772 
2087.096937 2945.206400 2097.037315 2844.216240 17.944699 0.031250 1.994255 
4385.512302 3206.172605 4360.563951 3004.312339 22.413931 0.125000 18.315632 
4836.780407 2824.918699 4744.364642 2808.597627 34.760234 0.125000 4.926507 
5195.030838 3864.019247 4585.005083 3844.838351 27.785275 0.125000 51.160756 
1821.188427 1054.301873 1790.088154 1224.100347 29.509104 0.125000 19.156860 
4397.226656 3054.476326 4401.966010 3165.129947 40.819187 0.125000 3.298817 
5827.648847 3967.054820 5869.437608 4116.554819 20.399004 0.125000 7.234825 
3313.120852 2234.994026 3312.612170 2394.992408 10.476841 0.125000 0.785907 
4185.623147 3943.803634 4025.007548 3934.864388 20.524797 0.125000 9.820373 
5045.629641 3661.075218 4945.010713 3644.933225 19.377842 0.125000 1.345958 
5254.999748 3880.013723 5335.000251 3880.017752 30.000504 0.125000 0.517008 
3558.978570 1154.538555 3481.211016 1124.962937 40.021915 0.125000 8.095321 
4066.192553 531.812158 3884.961679 515.423775 27.176266 0.125000 3.610162 
1755.064705 1226.869745 1813.068192 914.641123 32.720648 0.125000 57.413750 
2744.088463 1223.288105 2805.274429 1218.525998 32.237410 0.125000 3.111025 
5564.821829 3030.201724 5805.566951 3038.447785 28.955452 0.125000 17.567974 
854.459013 2392.459925 729.445113 2911.251720 61.024114 0.125000 108.148662 
2365.065846 3614.507827 2244.547241 3598.384219 25.756961 0.125000 1.076562 
3012.353296 1152.315918 2949.700138 1129.649676 38.416503 0.125000 3.808005 
5914.049200 1370.957738 6034.444644 1342.638943 34.933746 0.125000 5.726028 
3406.777875 3065.063867 3402.427648 2505.019981 16.892429 0.125000 37.185958 
4144.936524 2768.107612 4255.094823 2770.357697 21.221129 0.125000 3.994932 
6195.000619 2792.265487 5855.000636 2792.188519 20.076967 0.125000 45.061741 
1085.000000 1755.000000 905.000000 1755.000000 10.000000 0.125000 2.592087 
4374.767798 3984.539060 4635.100384 3990.876133 19.020677 0.125000 9.907124 
4415.278746 602.371844 4495.437651 610.873607 23.052544 0.062500 0.011730 
5664.944080 2846.547263 5484.817947 2840.037253 12.521723 0.125000 2.228005 
2213.489243 2804.822723 2197.148533 2944.078685 19.863712 0.125000 7.319856 
1664.563957 888.574182 1735.594044 883.754229 21.985178 0.125000 0.785907 
3364.875419 3442.509886 4264.959501 3457.441319 16.514052 0.125000 66.197524 
5764.956143 2938.445540 5524.867756 2935.389562 22.798435 0.125000 21.716797 
2435.484701 527.984735 2283.009969 552.745608 26.406213 0.125000 9.180312 
3254.927292 3257.545045 3534.984404 3265.545897 20.562983 0.125000 15.705597 
3374.449302 3005.020009 3370.095021 2885.178215 13.261271 0.125000 0.785907 
5286.078829 3834.796508 5257.726780 3684.485667 19.094431 0.125000 7.319856 
4.986875 1112.088258 155.004877 1112.366046 10.259220 0.007812 12.861493 
1660.278308 1747.758413 1716.690002 1435.305120 35.672267 0.125000 64.274521 
2062.620807 2964.661722 2039.728051 3125.672242 21.161711 0.125000 9.786617 
2385.499313 1118.870134 2202.101195 1142.531593 44.470735 0.125000 23.772528 
4665.828262 3533.124862 4563.673783 3488.002480 37.655986 0.125000 3.154924 
5623.652762 3960.131989 5436.078814 3910.890510 28.048207 0.125000 4.972850 
3371.799770 2815.043462 3367.995950 2534.959312 13.529810 0.125000 32.516739 
1875.034700 1267.252918 1714.918661 1269.719077 12.000879 0.125000 0.379692 
5545.025608 2973.550126 5775.130447 2977.614249 21.056439 0.125000 2.054029 
3974.948668 633.495058 3895.041634 636.220612 21.351945 0.031250 1.994255 
4734.826550 2945.029121 4714.683136 2825.053200 23.035493 0.125000 7.319856 
5825.097554 3150.373423 5614.980117 3145.942969 14.424772 0.125000 15.235347 
2554.964910 3044.906164 2727.073761 2980.545511 19.952862 0.125000 8.228056 
2984.890976 3201.360474 3335.130890 3207.363883 25.481329 0.125000 50.582460 
3364.984465 2056.848902 3154.999289 2055.084590 11.595986 0.125000 4.398267 
3394.989391 2413.986877 3534.974041 2412.521013 10.732424 0.031250 8.010627 
3414.983284 3165.546372 3705.017745 3174.420001 15.194055 0.125000 26.072427 
5063.840706 3595.210485 5031.244936 3415.681781 20.557684 0.125000 12.351514 
2445.369541 555.030335 2433.887263 694.908658 16.511472 0.125000 0.412161 
4738.650286 2824.354658 4763.863373 2966.968869 20.837254 0.125000 9.067401 
1325.042768 2777.517033 1615.128931 2772.588098 19.997114 0.125000 3.799725 
2235.031196 2629.653735 2125.011322 2629.430087 30.142233 0.125000 2.673230 
2935.000000 2445.000000 2935.000000 2265.000000 10.000000 0.031250 0.643612 
4154.977537 3836.041954 2345.171944 3797.024466 21.504129 0.125000 229.218758 
4525.133537 3749.006186 2674.937941 3707.785512 22.393962 0.125000 168.777253 
6043.711995 1343.011177 6197.768598 1367.779775 39.841794 0.125000 12.933901 
87.567176 410.337256 236.474681 492.321547 12.697052 0.125000 6.204447 
2294.879006 3820.218848 4285.200248 3866.362732 25.758293 0.125000 268.578163 
3215.135739 3489.222256 2884.848170 3481.462696 14.357636 0.125000 20.500374 
3304.939242 3118.345365 3595.025175 3123.613863 14.356477 0.125000 26.692786 
4124.992543 3596.110028 4405.047084 3597.991435 11.679237 0.125000 11.622987 
4676.813691 3590.172740 4868.535345 3662.206112 42.205565 0.125000 19.535622 
1093.674157 3748.119215 994.576223 3705.996990 17.026816 0.125000 2.592087 
3555.124315 811.990281 3295.028736 816.615824 10.354043 0.125000 7.538054 
1384.974704 2549.046553 1655.026663 2550.734716 11.687610 0.125000 32.394057 
5614.912694 3130.908632 5815.016765 3133.865362 12.953779 0.125000 6.204447 
1344.966283 2688.903143 1634.944645 2691.408084 12.504662 0.125000 36.006417 
4265.042921 3506.423429 3805.004398 3504.121183 10.099963 0.125000 26.975517 
4364.966800 3446.501611 4004.921705 3438.541266 14.639375 0.125000 25.314974 
5815.026979 3091.490977 5574.964285 3089.645240 11.768021 0.125000 17.852966 
1775.003211 1829.335743 1524.995943 1829.520878 10.185127 0.125000 8.010627 
3144.944723 3917.299895 2134.807199 3893.021875 26.146950 0.125000 141.229313 
3065.001420 1664.406282 2875.002508 1663.951732 10.215285 0.125000 2.592087 
1881.148143 3125.910501 1912.438823 2914.620706 17.216909 0.125000 9.058919 
2934.508871 521.392185 2784.564922 541.803937 27.028134 0.125000 6.088820 
2674.894182 3639.202378 4114.988296 3675.464818 19.310702 0.125000 137.726579 
2723.839509 3244.450209 2714.429707 3435.464529 21.599219 0.125000 14.049430 
3715.000000 3495.000000 3355.000000 3495.000000 10.000000 0.125000 18.847707 
4113.637256 2945.396422 4119.612320 2815.211691 19.520483 0.125000 6.651266 
4843.938152 3567.100555 4728.230504 3508.609392 13.927520 0.125000 0.379692 
5034.966897 2949.070997 5254.952352 2950.859788 20.975075 0.125000 18.507614 
2334.615063 3634.905550 2445.216900 3630.687911 22.652883 0.125000 10.719897 
4904.579485 3065.080064 4925.489944 3174.906717 15.906359 0.125000 1.688997 
5435.858050 4101.711775 5214.842424 4087.440312 35.092690 0.125000 22.455998 
5785.037041 2996.296151 5554.998650 2995.317184 10.893592 0.125000 7.107537 
2826.473939 1224.831511 2906.181630 1212.881747 41.040548 0.125000 0.020535 
4504.932287 585.012521 4541.682466 783.764380 26.939535 0.125000 6.876333 
3044.947480 3157.623181 3325.035419 3163.230968 14.802199 0.125000 13.729675 
5161.491761 3706.271060 5219.696559 3866.921475 28.205824 0.125000 5.533953 
5294.392459 2677.164835 5184.618924 2646.357877 22.362138 0.062500 0.549296 
2504.980896 3725.797942 4754.888336 3779.664044 24.264830 0.125000 235.074235 
2077.392828 2824.135064 2063.667704 2944.848518 21.001685 0.031250 2.543269 
3904.545619 788.330709 3974.900354 783.537420 21.992925 0.125000 0.785907 
4935.441829 3643.499951 4853.697336 3619.422658 15.243391 0.062500 3.495177 
1745.617941 2027.323325 1602.447398 2065.402764 30.944978 0.125000 15.768339 
3414.963748 2431.889977 3214.874370 2434.222307 30.114519 0.125000 7.796372 
1693.714732 1389.646327 1844.620232 1353.418108 31.505534 0.125000 9.343801 
2764.990961 3565.385655 4114.952482 3597.027326 21.790385 0.125000 95.861740 
4842.070598 3621.319554 4667.198066 3540.258146 25.658267 0.125000 10.130842 
5865.099607 3307.779032 5655.001643 3304.880927 12.481744 0.125000 5.301357 
1049.152496 3475.604564 1155.966539 3522.813110 67.006402 0.125000 15.225038 
4762.981088 2995.338444 4788.259335 3146.129985 18.186307 0.125000 8.425431 
1933.498543 3895.959771 2224.879696 3935.878149 28.771491 0.125000 20.938705 
1623.095753 1973.576407 1754.446735 1951.680959 23.017929 0.125000 5.542173 
4874.095814 2843.445536 4894.873041 2965.021697 23.083313 0.125000 0.860447 
4285.045561 3582.821261 2834.843259 3552.495456 15.149572 0.125000 130.223476 
4413.661544 623.702841 4437.536358 783.122546 30.147054 0.125000 6.761510 
4014.950073 3937.186427 3145.175252 3917.325250 22.734256 0.125000 90.401405 
4935.211907 3203.966071 4804.551800 3177.186839 19.835354 0.125000 0.671000 
3404.998764 2485.584321 3234.999525 2485.224737 10.317258 0.031250 1.674919 
6024.950592 2737.703209 6195.076533 2740.812666 21.824093 0.125000 17.944617 
5095.110336 4110.392716 4775.054411 4102.727961 10.715373 0.125000 9.786617 
2075.000000 2045.000000 2355.000000 2045.000000 10.000000 0.125000 11.622987 
5104.973177 3330.860588 5275.015384 3331.638855 10.777961 0.125000 1.688997 
5436.209956 2813.740833 5293.273144 2676.390369 21.913511 0.125000 7.893478 
1645.156011 2604.735466 1364.916769 2600.476087 21.517423 0.125000 37.890423 
5845.081069 3250.865160 5634.965776 3246.745550 19.800130 0.125000 17.635086 
729.305902 2910.335350 616.731112 3423.184910 53.602458 0.125000 72.864023 
3702.087649 2324.432312 3718.195837 2525.544982 21.145629 0.125000 19.380843 
4494.935090 3871.946365 4855.090530 3875.311803 21.400727 0.125000 28.698554 
835.075566 2655.013675 882.219731 2394.496871 18.836220 0.125000 14.389085 
3215.000168 2414.774252 3385.000074 2414.900942 10.052164 0.125000 1.688997 
2234.889607 3929.720232 3935.129001 3969.484121 26.597660 0.125000 285.128323 
4941.410304 3155.668007 4926.351972 3074.748411 16.003461 0.031250 3.004718 
2155.751136 3889.679853 2045.132443 3874.061929 25.395615 0.125000 2.310611 
5345.034732 3282.193080 5165.062288 3279.966129 12.102628 0.125000 8.010627 
585.033670 2403.925900 675.258481 2406.754160 20.930124 0.031250 1.994255 
534.881941 3964.973683 820.428924 2683.981058 21.454679 0.125000 118.135647 
1355.036699 2633.443550 1635.116774 2640.047530 16.694314 0.125000 20.500374 
3275.000000 2815.000000 3275.000000 2535.000000 10.000000 0.125000 11.622987 
6195.113980 3419.914826 5694.916993 3408.703327 24.028515 0.125000 84.034726 
4078.214282 2834.662745 4090.776951 2954.393859 18.847298 0.125000 4.879650 
6036.177847 4119.330497 5884.417848 4087.802159 18.822956 0.125000 5.518085 
6194.996915 2705.702856 6034.999998 2705.000522 10.307178 0.062500 0.264090 
3045.143711 4028.741438 2245.112945 4024.362928 39.233203 0.125000 99.264393 
5634.939420 3188.623614 5835.050671 3191.969083 13.174588 0.125000 16.432734 
4235.727678 3234.183265 4331.209842 3319.254017 36.517915 0.125000 5.721656 
4995.051163 4072.892630 4845.139524 4069.253073 15.479526 0.125000 0.860447 
5735.035758 3624.990634 5818.608190 3944.054908 16.813506 0.125000 9.329195 
3449.932552 2464.933635 3457.602034 3034.964991 15.424077 0.125000 44.127208 
464.998042 3915.042203 4.597291 3893.678708 19.723189 0.125000 57.804418 
4801.499144 3115.570874 4783.508349 3005.243239 14.911042 0.125000 1.688997 
1585.084372 3591.055364 1684.824852 3593.188708 26.057770 0.125000 2.971070 
3010.464098 1335.166231 3012.600948 1264.927015 12.123964 0.031250 0.484877 
3487.703593 1254.917595 3492.289898 1405.387403 19.686059 0.125000 6.387571 
6195.035930 688.683129 4934.960740 700.975468 21.559813 0.125000 187.463249 
2165.382432 3354.388278 2054.805275 3350.403225 23.228400 0.125000 6.651266 
205.064886 2501.627989 24.939157 2498.161939 13.076362 0.125000 14.650592 
2044.966007 2291.045084 2335.013068 2292.676086 11.574322 0.125000 10.201795 
3226.376724 2494.988993 3228.615761 2775.051041 11.838423 0.125000 11.622987 
3355.138202 2520.229901 3284.907429 2518.195137 12.023032 0.031250 1.990027 
4825.059296 4072.351198 4025.012505 4054.441397 19.323581 0.125000 60.183594 
1634.999638 2655.284184 1355.000093 2654.927133 10.076503 0.125000 10.719897 
5674.948646 3348.167061 5875.058182 3351.411826 12.916992 0.125000 16.432734 
5305.057932 3968.421075 5094.898114 3966.570470 31.495748 0.125000 7.308836 
4354.887515 3868.401770 4475.086755 3872.376349 13.629876 0.125000 1.257654 
5038.905201 3174.273166 5009.118705 3014.233429 18.514886 0.125000 11.090711 
2337.963627 3545.284269 2355.254030 3365.024366 16.637987 0.125000 9.067401 
2985.007250 2955.658373 2895.128261 2956.648065 30.328503 0.125000 8.913717 
4169.817760 3151.325505 4236.426254 3238.658241 46.224660 0.125000 17.502120 
5000.106414 2955.956963 4980.534588 2855.873232 17.927163 0.125000 3.495177 
3655.615766 4059.562090 3054.577652 4035.588698 46.743561 0.125000 87.749640 
4865.003366 2934.999300 4845.813879 2842.750509 21.617429 0.125000 2.228005 
145.023518 1136.931146 4.922515 1138.637298 11.460512 0.015625 4.468456 
1634.830119 4028.244731 1934.891834 4020.698796 48.727197 0.125000 58.601903 
2744.992910 1724.630365 2534.878406 1728.660346 12.299329 0.125000 5.301357 
5214.973761 2767.548691 5345.062924 2768.887974 15.616615 0.125000 0.057377 
3245.000000 2785.000000 3245.000000 2505.000000 10.000000 0.125000 11.622987 
5942.091119 3575.038268 6055.507714 3591.502532 33.838663 0.125000 0.051693 
1211.596720 2334.271330 1181.620503 2474.276422 28.645370 0.125000 4.414758 
5564.938847 3075.020600 5618.437932 3233.841930 12.869051 0.125000 1.257654 
1525.119982 3342.014408 1224.801254 3329.945531 19.180780 0.125000 39.618777 
1705.086565 1247.569509 1875.009637 1246.399259 30.343628 0.125000 4.346543 
5794.744363 3578.485010 5925.507830 3588.076924 25.798938 0.062500 1.375331 
1314.952324 2828.787032 1415.062351 2830.047349 11.132157 0.031250 2.290512 
1764.810844 3954.072025 1664.885952 3974.440497 18.403605 0.125000 2.592087 
1164.554815 3569.313772 1254.784660 3562.249521 33.030592 0.125000 3.857471 
3945.000000 3435.000000 3605.000000 3435.000000 10.000000 0.125000 17.041527 
615.812817 3762.280003 740.642219 3799.582799 39.317127 0.125000 7.801542 
3384.710884 2585.000627 3385.643169 3015.020286 10.043337 0.125000 25.169337 
4135.046917 3673.066341 4525.059945 3682.529438 16.303722 0.125000 10.458205 
5674.963714 3415.010871 5731.317396 3603.107309 16.288671 0.125000 5.623926 
404.379799 3034.858430 443.739256 2862.429567 23.419080 0.125000 8.516425 
2024.987421 2357.585453 2325.028972 2359.045289 11.459498 0.125000 13.429167 
3716.491231 2534.936578 3736.498283 3005.361576 21.049727 0.125000 64.518016 
3935.802204 4056.069730 3805.060613 4044.325246 17.235707 0.125000 4.398267 
3665.005229 3384.631320 3934.950929 3388.459914 12.126205 0.125000 8.913717 
2087.667148 4048.240472 1963.347886 3999.187059 27.906188 0.125000 0.150322 
2294.737624 1220.760138 2365.703521 1216.368550 26.854475 0.031250 4.473908 
5555.007084 3840.085946 5294.978794 3839.711120 40.144106 0.125000 28.188623 
5.001055 1025.234792 184.997420 1024.425866 10.044840 0.125000 0.785907 
1244.998895 3214.916624 1364.977830 3213.326856 10.661584 0.062500 1.086937 
3254.883286 2472.601630 3405.001435 2474.906506 11.841054 0.062500 1.141069 
3585.679641 3096.152327 3376.147860 3080.056977 44.477916 0.125000 27.333112 
1512.626660 2514.582385 1547.662877 2315.468562 13.863868 0.125000 8.425431 
1824.936329 3646.427926 1862.758324 3383.240778 29.636012 0.125000 17.913608 
3005.000000 3375.000000 3275.000000 3375.000000 10.000000 0.125000 10.719897 
4365.273550 3304.632303 4589.953142 3471.783821 26.123964 0.125000 15.082726 
915.289748 3835.133659 1084.865188 3830.285057 31.988409 0.125000 3.521360 
622.607527 3426.675309 501.539800 3976.440177 28.310788 0.125000 88.704425 
3355.526232 2874.228533 3284.718147 2870.769259 21.928016 0.125000 0.785907 
3543.530690 1589.114444 3755.116454 1664.673900 14.795888 0.125000 7.234825 
4982.718132 3013.571543 5010.885162 3165.761566 19.666017 0.125000 6.387571 
5075.351865 3354.940176 5053.308336 3225.287617 13.409173 0.125000 2.592087 
5604.067529 3265.318570 5528.400756 3043.838162 15.693027 0.125000 19.750797 
3755.000000 3375.000000 3515.000000 3375.000000 10.000000 0.125000 8.010627 
5065.000000 3885.000000 5245.000000 3885.000000 10.000000 0.125000 2.592087 
1294.954281 2969.474338 1415.043923 2970.701429 11.225590 0.125000 6.204447 
3744.992512 3274.717726 3915.138054 3270.204189 12.648301 0.125000 2.105527 
5664.958842 3286.707478 5865.083609 3291.531368 22.162960 0.125000 19.108271 
185.016567 1036.316519 4.919246 1038.582888 11.886679 0.125000 1.688997 
1625.026649 2742.763981 1334.948671 2739.306805 13.455291 0.125000 30.587877 
4824.922814 3958.008101 4624.797983 3952.873009 22.045499 0.125000 24.036560 
131.316428 2843.727954 74.492442 3008.278020 27.676457 0.125000 7.777814 
1793.797774 869.642200 1933.495634 838.295691 20.514378 0.125000 1.667226 
3165.133764 1535.392205 3314.779857 1484.354526 10.000000 0.062500 0.264090 
3425.213774 3210.098016 3644.796172 3219.673927 15.624185 0.125000 8.083819 
1204.760565 3657.138704 1104.892732 3645.958144 23.138235 0.125000 2.105527 
4334.505114 3325.513260 4431.297171 3418.840306 16.459127 0.125000 7.538054 
44.976446 3054.990527 4.790014 3154.915551 20.471491 0.125000 0.412161 
5484.594862 3897.678510 5705.589138 3931.105005 16.783992 0.125000 8.228056 
1063.661450 3114.718068 1082.662032 3024.507566 15.968390 0.062500 2.317280 
3005.000000 3435.000000 3225.000000 3435.000000 10.000000 0.125000 6.204447 
5523.139345 4121.025573 5441.646184 4095.861047 31.614952 0.125000 2.181919 
2454.849345 3634.119961 2636.377052 3603.043914 18.293464 0.125000 4.283456 
4724.079301 3461.808328 4854.744808 3424.115357 59.127779 0.125000 18.869284 
5074.927211 3996.460525 5404.606741 4012.890854 25.483018 0.125000 17.913608 
804.997141 3623.865456 664.998030 3624.218252 20.176335 0.125000 0.860447 
283.858432 3304.522369 375.601135 3085.251514 21.653046 0.125000 8.293245 
1868.538272 3638.868066 1937.417999 3653.975690 26.445834 0.125000 0.785907 
4615.363439 3956.898163 4545.190951 3955.489278 30.596158 0.125000 3.111025 
2535.029127 2915.688448 2715.129831 2908.068676 15.063532 0.125000 9.313357 
3263.315088 2535.011528 3265.162294 2804.998890 11.504932 0.125000 10.719897 
4249.783370 2735.411109 4228.513242 2465.511205 29.907272 0.125000 17.454717 
5531.837682 3031.728656 5425.699411 2809.881093 20.376562 0.125000 5.533953 
3525.000000 2575.000000 3525.000000 2815.000000 10.000000 0.125000 8.010627 
4104.694411 2735.033711 4091.495741 2615.386566 27.626151 0.062500 1.728774 
1395.124298 3081.810078 1274.917154 3077.126110 14.664768 0.125000 1.241680 
3625.684919 3123.033617 3795.129807 3132.732119 16.681621 0.125000 0.671000 
5476.268134 3644.468315 5547.352688 3814.013598 15.466276 0.125000 3.857471 
305.634789 756.903706 4.952425 746.356259 30.332128 0.125000 22.069670 
814.914392 3734.040440 684.170725 3745.704868 22.586769 0.125000 0.530114 
3394.902701 3069.317555 3254.973765 3066.164176 20.445521 0.125000 5.518085 
6195.201121 2851.430811 6094.955931 2845.782073 13.922359 0.125000 0.785907 
2355.041561 2061.447798 2074.962901 2058.170855 13.041129 0.125000 31.621598 
964.949452 2996.276797 1115.109996 3002.221574 13.797591 0.062500 0.080909 
1808.170273 3753.972415 1823.104345 3654.714784 18.289567 0.031250 0.200483 
2790.930231 3107.113238 2745.317472 3235.113131 16.133261 0.125000 3.994932 
1955.028826 727.700052 414.990836 744.141641 21.493428 0.125000 218.873392 
3975.000000 3395.000000 4175.000000 3395.000000 10.000000 0.125000 4.398267 
5935.056145 2884.768789 6095.319242 2923.685321 22.352392 0.125000 8.133207 
4884.923779 269.199588 1994.897192 307.176277 25.805922 0.125000 358.552798 
3455.000000 3425.000000 3035.000000 3425.000000 10.000000 0.125000 21.786240 
5765.059503 4044.710182 5653.598539 4021.826050 23.613664 0.125000 1.489205 
2325.024415 2319.858443 2014.983920 2318.386170 11.376979 0.125000 23.363157 
5085.798897 3965.219317 4834.996366 3955.089966 30.379111 0.125000 12.603142 
1550.147978 2295.979274 1575.061302 2165.011661 14.041456 0.125000 3.495177 
1750.185758 3429.036445 1697.392251 3496.862059 48.243051 0.125000 6.514694 
4703.969106 3527.369975 4843.640885 3588.124539 24.713769 0.125000 5.284950 
3595.001108 3325.481222 3755.000260 3325.112776 10.138141 0.062500 0.264090 
4.971070 1208.325303 105.050495 1209.195997 10.869592 0.007812 0.082654 
685.221146 3666.151377 814.300656 3641.358934 24.461485 0.125000 0.020535 
5084.955311 273.031029 4915.042838 276.887443 19.767944 0.062500 2.903301 
485.040455 3979.414003 334.975904 3978.327215 11.086030 0.031250 0.285970 
3054.691492 2554.991535 3062.649962 2264.935520 14.384618 0.125000 24.466314 
4034.789798 3789.923340 3844.709339 3781.807866 23.820844 0.125000 10.313114 
74.996734 3725.059817 185.214167 3731.077205 13.801140 0.125000 1.688997 
2694.874761 3394.993698 2706.945982 3155.097919 14.510316 0.125000 13.760039 
4445.011186 3823.124555 4645.004071 3824.317387 10.596249 0.125000 2.592087 
183.831191 3216.110947 266.744116 3303.342226 15.309325 0.062500 2.317280 
1724.332563 1432.183828 1844.682586 1403.660709 18.954980 0.125000 1.257654 
3065.000000 3315.000000 3215.000000 3315.000000 10.000000 0.062500 0.264090 
3355.000000 2555.000000 3355.000000 2705.000000 10.000000 0.062500 0.264090 
4844.981755 3936.835972 5025.063346 3938.625529 21.390192 0.125000 7.399256 
5786.563439 3874.522611 5603.629673 3275.418423 18.836368 0.125000 31.125254 
4955.521596 2864.900363 4972.812528 2955.417858 15.451311 0.031250 0.285970 
387.403882 3407.914270 475.323606 3335.392313 15.440667 0.125000 0.464982 
1453.743461 2870.410307 1603.471938 2829.418529 21.124564 0.125000 2.100623 
4026.464477 4077.447600 3943.757063 4061.409907 40.873188 0.125000 2.891639 
976.451731 3642.099151 815.118789 3623.944376 27.575359 0.125000 3.738601 
1765.006547 4064.895016 1614.966457 4055.537857 14.960087 0.125000 7.107537 
1135.176988 3553.635340 965.438208 3531.621220 18.920128 0.125000 1.313361 
2813.255670 3260.439420 2736.935032 3376.274936 24.660686 0.125000 0.303493 
3815.682526 2924.956463 3772.914714 2254.495131 26.531122 0.125000 74.111218 
6134.268504 3225.207683 6097.128940 3094.395561 15.203353 0.125000 6.204447 
1577.488233 2273.622925 1544.262546 2454.864808 19.672169 0.125000 8.973533 
537.374433 2511.840897 611.467756 2468.904563 40.998314 0.125000 1.833124 
2376.292868 3355.130197 2361.138074 3505.618131 11.953627 0.125000 1.688997 
4415.751668 3709.341235 4314.874934 3695.941532 21.142615 0.125000 1.241680 
48.104770 3976.033572 12.146311 4084.050013 17.147094 0.125000 1.688997 
5035.062713 347.964998 4895.125316 350.924825 12.958254 0.125000 8.913717 
51.465876 3205.098691 48.388702 3094.905370 12.508395 0.125000 0.379692 
4985.224643 418.397031 4894.958094 424.366296 13.937317 0.062500 3.495177 
2264.599944 3772.732295 2475.071309 3783.621738 19.456593 0.125000 6.293091 
1335.041844 3612.995906 1104.933366 3608.191422 13.546514 0.125000 21.556977 
1610.278144 2084.200991 1582.843929 2246.327311 16.684324 0.125000 12.526077 
1554.972347 2520.811747 1655.017663 2521.287778 10.475696 0.031250 0.484877 
3204.954450 2036.519635 3354.819801 2041.011758 13.291213 0.125000 6.204447 
2697.418955 2095.147972 2683.974072 2314.937242 12.423645 0.125000 8.913717 
3872.743441 2734.542004 3831.935323 2044.589801 25.869420 0.125000 89.222620 
2097.656093 1855.353473 2075.078142 2025.010399 11.231778 0.125000 3.495177 
5.073423 3913.112315 384.887766 3927.885501 10.000000 0.125000 20.653887 
6015.612401 3094.844283 6089.731887 3386.339541 12.818573 0.125000 18.734942 
65.121984 3437.142283 205.237101 3429.163970 11.120809 0.125000 0.785907 
5744.413891 4.727080 5506.485202 515.691579 10.000000 0.125000 34.307447 
5490.919223 513.106586 5726.376132 5.638503 10.089620 0.125000 36.006417 
6185.574572 3384.827566 6142.899722 3242.629231 16.291868 0.062500 3.223011 
508.107922 3775.661002 478.755364 3913.671872 14.781576 0.125000 4.398267 
3675.440808 1603.582251 3575.750432 1572.586422 13.160145 0.062500 3.495177 
2664.946678 3783.936402 2934.996732 3785.547747 10.000000 0.125000 10.719897 
5934.916163 3295.025179 5874.854165 3095.043800 15.362635 0.125000 0.020535 
1944.734366 786.298962 1824.846104 789.959037 13.657123 0.125000 0.785907 
5903.526681 3095.384426 5937.197088 3224.426724 12.200765 0.015625 7.906530 
590.743949 3416.342678 532.742376 3664.472269 12.013694 0.125000 7.234772 
3750.834418 2454.696703 3775.281938 2924.985344 15.300773 0.125000 31.911340 
