2646.946132 575.138765 2623.383461 905.597765 27.790359 0.125000 44.688249 
2872.280080 725.023642 2872.864629 545.025541 30.324593 0.125000 17.682376 
1694.991812 664.998336 1629.745397 985.964650 33.061319 0.125000 59.983267 
2606.733516 1155.126270 2580.543714 1514.675401 27.741283 0.125000 35.475028 
3670.814811 445.291022 3695.823591 804.942731 29.498353 0.125000 47.599408 
2168.037356 635.418092 2122.713712 964.685292 28.356121 0.125000 50.619656 
3147.520405 1104.996947 3147.956549 1465.008533 20.314968 0.125000 49.546869 
3713.467749 1055.110020 3739.338093 1415.406541 26.289761 0.125000 54.127241 
1593.726898 3004.833304 1608.224295 2894.112810 36.237528 0.125000 7.704702 
3509.074037 2344.758005 3494.241246 2095.045070 34.593083 0.125000 34.071771 
235.708098 1208.296541 93.669623 1238.806449 32.084153 0.125000 13.432229 
2092.181049 1204.595460 2041.958049 1554.563457 33.867225 0.125000 36.330389 
1518.924197 3363.925034 1567.065350 3091.826899 34.161673 0.125000 27.333112 
3106.493716 1506.044078 4714.779067 1391.887412 33.339637 0.125000 223.315251 
1934.247898 1878.591939 1702.742227 1905.763315 40.333700 0.125000 18.131969 
4529.056180 526.150907 4501.481986 383.744888 39.583242 0.125000 7.921229 
1031.604619 1128.741622 980.857852 1218.318567 28.346449 0.125000 0.283927 
1173.884734 2164.749617 1072.906697 2614.530043 30.073297 0.125000 55.992050 
6153.401239 1942.210444 6203.226641 2092.268418 28.545106 0.125000 10.965219 
2450.093182 1815.473839 2437.180198 1954.272493 28.944668 0.125000 9.891733 
1074.543451 1927.335658 1324.846649 1912.425611 21.748487 0.125000 27.056358 
6194.703559 2155.098397 6124.969232 1945.010213 34.733040 0.125000 27.543349 
3944.930073 784.015615 3910.376985 435.458287 29.039998 0.125000 43.363692 
3149.214095 524.973552 3147.705480 855.012367 21.462503 0.125000 46.843497 
5803.848929 1015.380419 5734.386935 805.202613 22.451563 0.125000 19.172133 
5284.584537 1678.260170 6025.467866 1632.589933 22.560024 0.125000 113.999511 
86.275161 1697.106217 3.586730 1683.748739 24.831895 0.125000 2.105527 
2295.834642 2335.623600 2289.941713 2154.513828 53.876034 0.125000 15.482996 
1854.527101 1598.712400 2256.016545 1568.515852 23.915548 0.125000 60.995097 
3624.821801 3209.929791 3544.565193 3207.028723 19.625708 0.031250 5.902917 
4504.716861 2345.363640 4114.759697 2356.821521 35.273611 0.125000 41.978378 
1863.409478 2854.728098 1847.892829 2945.494533 26.454285 0.125000 0.517008 
3391.053135 834.830087 3381.508879 494.817294 38.581289 0.125000 36.769309 
2344.844616 1563.057238 2685.067648 1535.845796 23.521688 0.125000 42.257082 
1485.113663 1626.499767 1845.318376 1599.200927 23.868590 0.125000 50.223827 
4005.450665 1404.956435 3970.694260 1045.416232 25.680431 0.125000 29.727216 
4304.912344 1005.012939 4359.643259 1375.790714 35.190351 0.125000 63.617320 
5757.639131 804.065433 5832.632018 1015.838548 27.292382 0.125000 20.409853 
646.867332 1165.893989 602.490749 1258.586211 22.143608 0.125000 0.412161 
5963.694427 1391.931810 6036.423534 1598.026563 28.290150 0.125000 25.970453 
2255.798740 1566.058034 2335.305049 1563.042327 41.866414 0.062500 4.528840 
5628.331143 2196.822439 5568.218794 1976.853141 31.574980 0.125000 22.098636 
15.505637 1992.981169 914.431767 1936.030802 22.080070 0.125000 131.619958 
3884.929225 2402.855829 4904.808271 2369.191478 24.607743 0.125000 168.245251 
2126.853429 2233.916556 2054.894481 2774.985967 28.470292 0.125000 65.361462 
1294.703149 2485.369674 2084.877097 2461.012843 24.303907 0.125000 115.884112 
3528.294873 2904.476932 3510.964069 2463.978480 47.766522 0.125000 75.564517 
3650.130586 3224.727636 3671.389744 3625.191655 25.100489 0.125000 55.851203 
2305.099297 975.973296 2625.841761 943.250866 20.298813 0.125000 39.124033 
4285.729212 802.286627 3924.344737 838.452303 21.907148 0.125000 48.979019 
5912.002988 1012.579721 5836.613292 794.442435 25.435890 0.125000 19.454316 
3705.349220 858.530109 3342.960128 894.379834 31.930056 0.125000 29.193506 
4417.547091 1754.619323 4505.984067 2346.347480 37.867030 0.125000 131.039654 
2644.584203 961.083963 2273.459278 1000.489254 26.664776 0.125000 26.116435 
3083.914106 1745.277590 3234.272242 1728.484116 26.536387 0.125000 2.874775 
4555.375422 684.935139 4529.341977 534.249850 28.220281 0.125000 14.900327 
5509.467159 2196.450936 5454.079438 1985.241409 29.018776 0.125000 27.661902 
4355.242645 1387.874730 4234.415344 1398.073299 20.770205 0.125000 3.838170 
5920.713218 1272.886958 5958.061142 1373.867832 25.695870 0.062500 1.276023 
3935.111396 816.121451 4305.430791 779.336875 22.011908 0.125000 45.867092 
2254.180705 2765.145179 2257.347605 2564.878989 50.942438 0.125000 19.028890 
6070.852990 1366.496078 6156.677499 1604.394824 28.696212 0.125000 23.504335 
5687.407918 2407.102662 5634.260889 2215.204700 28.320735 0.125000 19.338304 
2815.872305 923.873692 3155.539057 890.483664 28.708830 0.125000 29.654871 
3366.469084 1559.461590 3556.370397 1609.833638 20.715841 0.125000 15.892269 
4608.807714 896.876431 4560.195901 736.455772 31.900508 0.125000 11.150562 
3715.085486 2347.700837 3514.653251 2354.044853 32.199492 0.125000 15.002067 
4814.492408 1706.607340 5215.444989 1682.357565 22.419716 0.125000 57.476021 
2464.927826 1732.930347 2615.093935 1727.693667 33.118401 0.125000 4.567668 
4213.308614 375.253386 4268.838561 745.923044 35.595177 0.125000 61.356864 
3355.619374 871.607335 3715.271231 837.893432 26.445888 0.125000 34.522377 
2345.274525 1740.996867 2455.501311 1735.950904 26.310206 0.031250 7.789598 
3164.478908 909.793287 2823.887100 943.879978 29.842840 0.125000 31.453667 
1815.011660 1025.115252 2115.977930 994.666073 20.014968 0.125000 38.786467 
3665.307803 1980.210568 3484.756398 1990.876251 22.323996 0.125000 12.351560 
1492.310744 1664.446965 1333.490370 2436.746012 30.846343 0.125000 142.881680 
517.372600 1619.926826 439.045069 1737.690476 30.517381 0.125000 8.697611 
2143.603629 1016.246161 1934.020971 1031.851242 35.857372 0.125000 10.381467 
5874.922776 2492.239265 5524.916913 2502.029656 23.347517 0.125000 43.985409 
2614.321951 918.371640 2363.873859 943.991246 28.037293 0.125000 31.934339 
4584.691794 2963.162029 4617.547516 3136.413304 36.418684 0.125000 18.501187 
4.774565 2676.787823 1164.998304 2644.938231 22.422753 0.125000 179.363030 
5189.292283 873.843437 5238.571921 1056.732057 27.867684 0.125000 14.542275 
5926.061331 1358.236028 5896.979004 1277.903807 23.018993 0.125000 2.228005 
1629.901366 993.933788 1589.738896 1185.990985 40.307554 0.125000 19.143328 
5485.359782 1089.181773 5105.589824 1121.855572 23.678249 0.125000 34.209650 
5585.088580 2484.977259 5518.757406 2226.602629 27.873818 0.125000 20.953995 
4914.880648 2550.320840 6194.813123 2517.673532 22.850593 0.125000 193.186126 
2373.209380 774.755272 2391.017674 644.455728 16.678548 0.125000 2.105527 
1289.379245 2655.897570 1233.852128 2926.814333 28.595956 0.125000 17.454717 
1926.101019 1033.233819 1783.305552 1052.328311 27.084543 0.125000 7.704702 
914.996829 1934.930269 1065.141067 1928.101741 36.778398 0.125000 3.799725 
3745.063489 2899.737038 3534.833199 2902.554694 22.410475 0.125000 20.500374 
2114.389691 969.132214 1944.151147 986.838744 28.168852 0.125000 22.004430 
5499.699006 2063.511839 5532.128043 2165.909540 38.133357 0.125000 1.200827 
1902.778300 844.660711 1924.127097 704.866694 22.107878 0.125000 4.791819 
5213.780248 1062.788643 5164.027695 865.244881 24.350919 0.125000 14.258187 
5479.833500 1983.474782 5503.544090 2058.614930 28.100707 0.125000 3.994932 
5601.106829 1993.299032 5659.707794 2203.688713 28.899884 0.125000 25.175423 
271.952854 2271.322871 246.982587 2359.922081 60.462922 0.125000 4.893179 
1547.036949 1403.325580 1507.082930 1593.335249 28.305627 0.125000 23.417129 
2933.194076 1501.320239 3453.568387 1650.010254 28.839525 0.125000 49.469052 
3398.661369 1155.573949 3393.110041 1094.265654 34.386708 0.125000 0.379692 
5174.961954 2513.253074 4894.877015 2519.353057 22.825863 0.125000 32.791081 
4738.530239 1464.272991 4782.051886 1675.607127 28.238678 0.125000 19.591335 
2815.277161 1535.853585 2926.535151 1499.727875 25.198943 0.062500 0.866924 
2745.063761 2443.840757 2865.250189 2450.451328 21.053116 0.125000 4.706702 
5721.844519 1948.864898 5880.596733 2489.231480 53.610049 0.125000 154.481232 
6037.995379 1347.765292 6010.041768 1276.957416 24.232213 0.062500 0.662178 
5311.418365 1055.987434 5286.239492 964.658280 31.175056 0.062500 4.860599 
3135.072877 865.716766 2874.714154 892.188616 27.823066 0.125000 41.059556 
3154.287556 1686.721783 3039.170488 1639.088346 39.827682 0.125000 6.761510 
2735.229350 1759.479253 2815.530849 1755.367601 18.426680 0.015625 0.048697 
5065.998770 1986.949404 5178.498392 2506.408059 42.517207 0.125000 148.916174 
2645.551218 1996.035091 3265.502894 1965.067674 57.421109 0.125000 151.969473 
5977.847166 1514.059245 5936.167915 1387.918280 25.431002 0.125000 8.133207 
5556.129297 1971.488746 5474.194232 1964.640450 34.060335 0.125000 7.234772 
6088.634519 1493.761777 6048.884103 1377.083589 25.589913 0.125000 2.673230 
5666.672937 2222.015760 5731.573470 2475.876008 34.238094 0.125000 30.296111 
3234.869083 1692.136533 3304.266825 1688.963691 22.719447 0.015625 5.161115 
816.983751 3185.444623 780.924570 3346.327889 27.086656 0.125000 14.153863 
1254.514224 1047.356455 1444.920542 1042.114041 28.612518 0.125000 8.666861 
3234.950523 2033.792190 2935.044149 2046.077742 34.067890 0.125000 39.549674 
4197.072587 3284.795817 4152.781926 2835.218516 34.757550 0.125000 53.762189 
3964.779700 3204.083335 3989.373068 3466.464734 26.760313 0.125000 22.098636 
3913.415151 2773.939009 3965.081904 3183.728862 26.269061 0.125000 39.653839 
5290.270428 956.307433 5265.027496 864.992399 20.296290 0.062500 2.925800 
1344.851468 1433.163651 1114.739239 1451.776119 22.939381 0.125000 22.563113 
1875.520850 986.935344 1897.854643 865.525121 17.268244 0.125000 4.398267 
2593.511108 3075.110505 2586.020220 2974.182081 15.685303 0.062500 1.791980 
6034.530019 1628.228864 6196.525954 1616.984820 47.802707 0.125000 14.793856 
3727.612306 1995.416503 3782.284085 2965.153118 29.241751 0.125000 169.120375 
4263.051120 747.811624 3953.627513 782.895191 57.364769 0.125000 35.709477 
795.011906 2861.937248 1234.966385 2863.647475 30.505116 0.125000 29.811455 
2114.364819 1825.931257 2334.684809 1810.499889 31.517901 0.125000 9.070224 
5264.517295 1088.919576 5405.218296 1077.749773 21.520030 0.125000 11.090711 
2835.991886 1465.052550 2850.312440 1194.751653 34.190453 0.125000 29.955942 
3864.501048 2651.340915 3912.496490 2775.964162 33.733528 0.125000 6.750783 
5027.479392 2504.500734 4975.605578 2246.891722 25.461586 0.125000 25.350250 
1154.540961 2648.352640 1265.393454 2640.697626 22.019237 0.031250 2.543269 
2862.148796 885.382631 2870.240134 734.209995 43.684140 0.125000 17.051921 
4618.579067 3152.986259 4635.401513 3266.423431 34.076257 0.125000 14.067712 
4904.670575 1140.984472 4644.778943 1162.305429 21.723234 0.125000 26.920333 
5625.252923 2226.817535 5555.071047 2228.319592 20.423370 0.031250 0.875310 
315.525200 1501.230662 535.647029 1482.675969 19.089374 0.125000 14.927501 
2915.668634 2047.160451 2664.777617 2060.955514 31.601794 0.125000 44.996939 
2696.960511 1590.106942 2797.499478 1551.510898 18.758863 0.062500 4.881804 
5358.216202 1524.006158 5389.910426 1626.572736 27.268448 0.125000 6.375660 
294.979209 2972.751518 64.906413 2974.878958 31.848001 0.125000 24.647533 
918.201099 1590.312709 837.801815 1706.931624 36.051133 0.125000 5.830962 
997.764700 2943.364859 956.146765 3127.519113 29.262044 0.125000 7.178866 
3664.355556 1736.778453 3905.227143 1717.897791 32.252612 0.125000 16.414075 
4633.991489 913.164613 4675.583475 1116.922147 29.798028 0.125000 16.906917 
5494.390593 1329.933575 5304.812682 1306.516475 41.041523 0.125000 14.486691 
5414.195396 1076.264352 5495.349047 1068.789625 18.081348 0.031250 0.285970 
1772.282282 1576.299255 1827.735088 1265.487975 23.201883 0.125000 36.169962 
3704.670358 811.602924 3404.584904 840.722293 30.154670 0.125000 54.589679 
1316.524389 1575.531049 1285.317659 1665.110662 41.063285 0.125000 0.462430 
4221.647269 1394.089739 4193.051567 1185.266814 22.528506 0.125000 12.608026 
6095.283985 1038.316658 5734.504070 1069.208040 23.613421 0.125000 42.941202 
5164.417195 1096.369988 5255.353118 1090.228875 20.628338 0.125000 1.345958 
4971.035383 2225.808577 4927.919859 2014.404500 25.978509 0.125000 22.563149 
3992.702898 3484.708114 3996.501103 3584.943119 43.000579 0.125000 2.474416 
668.409546 2402.293458 631.010101 2493.361444 44.599062 0.125000 4.199015 
5545.764434 2222.281320 5612.289880 2485.684471 29.483995 0.125000 33.748809 
2244.715571 2489.709599 2385.410275 2498.206626 31.753945 0.125000 10.965219 
3443.835158 1682.671613 3525.000262 1675.002768 15.119362 0.062500 3.495177 
4853.089505 1669.296305 4814.086764 1477.215980 53.279234 0.125000 28.188623 
547.585733 2385.766367 583.509711 2264.558304 25.921621 0.125000 7.234825 
1055.955927 1437.389932 1345.773809 1415.029468 20.739853 0.125000 15.320337 
5764.055035 1044.589756 5924.548078 1030.021387 43.452255 0.125000 10.930423 
483.148188 2434.456989 429.794893 2616.406017 23.160174 0.125000 15.752450 
1305.218263 2555.035609 1291.986388 2636.139806 31.218723 0.125000 2.181919 
4644.878628 1143.630406 4905.490531 1120.535293 19.670978 0.125000 28.465322 
864.939961 1085.455006 1064.994947 1084.196650 20.880194 0.125000 5.393550 
2995.090597 1956.157841 2884.982275 1964.773472 16.210202 0.062500 0.011730 
4785.751778 1357.960504 4634.520454 1366.732720 42.249195 0.125000 4.808495 
754.607824 3114.902230 697.112616 3345.526680 24.352315 0.125000 18.631636 
5440.664085 1413.335384 5506.539760 1637.486378 27.098385 0.125000 23.588684 
6119.133491 1294.040975 6031.308321 1266.982111 47.060017 0.125000 4.414758 
4450.629775 2175.682315 4431.864304 2055.489570 24.388389 0.125000 5.542173 
4801.013404 755.845315 4871.417770 1087.879965 38.233478 0.125000 76.227997 
6010.601030 1612.616895 5968.980868 1514.796711 57.754008 0.125000 3.089980 
3725.501756 1431.777833 3354.573393 1459.237295 27.703322 0.125000 37.859246 
3485.439238 1971.322160 3855.044705 1945.643456 20.644994 0.125000 19.107583 
2842.984197 2189.969337 2908.493889 2163.719392 33.288657 0.062500 4.470831 
3554.986208 1735.392319 3675.540313 1739.630343 20.338981 0.062500 2.679747 
1813.034002 1474.658295 1795.576456 1575.100192 17.992185 0.125000 3.495177 
5136.831371 2486.796937 5085.801826 2254.823614 31.447889 0.125000 33.628285 
5925.706387 1033.481049 6105.293450 1018.523234 18.270934 0.125000 14.650592 
3759.256136 2995.053281 3760.647428 3145.040375 29.349412 0.125000 8.228056 
134.950981 1161.576598 314.985098 1160.919163 20.511105 0.125000 9.786617 
480.315775 2613.565670 522.938461 2474.368748 39.025330 0.125000 7.921229 
1564.292639 2904.867721 1547.355238 2995.440437 20.858619 0.031250 1.994255 
3427.089515 1974.198729 3409.841592 2144.477493 21.785144 0.125000 5.284950 
3650.205591 3625.261319 3632.756453 3305.122284 23.235804 0.125000 25.298223 
6121.946007 1602.386924 6083.215093 1499.433461 58.564788 0.125000 10.753702 
2779.962994 2425.641672 2788.086170 2362.813189 28.470116 0.125000 1.345958 
935.079344 1465.864114 704.270694 1487.057370 20.930561 0.125000 20.972951 
2039.583144 2725.601235 2056.856087 2593.931649 21.940971 0.125000 1.076562 
3791.846383 2599.770813 3870.520687 2651.776335 33.368675 0.125000 4.107293 
4755.666404 1711.339712 4808.238988 1705.813498 24.780828 0.031250 3.495177 
783.378786 3214.688119 797.862690 3139.398212 37.016274 0.125000 0.057377 
4903.240861 2505.173911 4891.395558 2385.356339 39.805951 0.125000 1.376713 
4.238911 1523.749089 155.575785 1513.511628 29.931593 0.125000 12.608026 
4855.581711 2226.802377 4815.400657 2016.837026 41.774818 0.125000 26.833083 
605.336903 1280.232926 563.808842 1364.412369 35.872314 0.125000 3.476759 
1659.590397 739.232093 1345.031356 337.152173 35.629129 0.125000 112.748225 
4435.628761 2043.727639 4335.428388 2050.946321 20.666862 0.125000 1.241680 
5940.451107 656.718253 6067.018565 991.792128 57.783809 0.125000 76.844021 
2693.418467 1651.721943 2592.732036 1700.299171 27.019702 0.125000 1.873085 
3515.141053 2460.003863 3714.982257 2454.370581 35.341832 0.125000 45.061741 
929.011343 3245.790069 903.616019 3374.727413 25.569589 0.125000 0.303493 
350.824751 3073.805852 368.955990 3010.411312 38.457990 0.125000 1.348026 
1544.986567 2863.917143 1264.905615 2867.391689 33.222875 0.125000 46.581515 
6025.182106 1268.357829 5914.716807 1265.329237 41.903422 0.125000 3.298817 
5554.178097 2200.374541 5615.109606 2196.950390 29.952741 0.125000 2.592087 
4841.109424 1463.690232 4884.738792 1667.199847 24.451346 0.125000 20.006873 
2125.575409 2525.097757 2159.441968 2325.754650 26.035677 0.125000 16.856639 
3928.608729 3646.119769 3851.432778 3205.624988 26.602899 0.125000 56.798947 
4754.670132 1675.072756 4707.717749 1462.194970 35.757394 0.125000 25.491720 
4323.913455 2024.449958 4434.797120 2013.030089 31.891107 0.125000 1.066092 
4424.397679 2005.089688 4394.612018 1805.057772 25.254421 0.125000 15.209927 
535.560250 1501.906633 324.515411 1519.026102 32.327347 0.125000 13.002499 
539.327994 2246.323847 496.746346 2385.534172 19.687576 0.125000 3.134984 
2288.813798 1545.446511 2326.313000 1225.153723 22.819464 0.125000 37.024851 
5860.484280 792.976445 5936.220875 998.239267 26.689842 0.125000 21.832520 
972.427550 2234.346867 938.997619 2366.014977 24.004652 0.125000 3.476759 
5524.735005 1278.065985 5626.979310 1620.382484 51.766557 0.125000 91.908523 
1286.971686 1673.184068 1234.559546 1904.900373 28.331916 0.125000 27.753867 
2076.900630 2445.244400 2118.030418 2125.389678 25.359296 0.125000 37.035094 
1517.071451 3183.592461 1486.591657 3355.282564 22.081691 0.125000 11.504723 
4877.440564 2324.346319 4860.437749 2260.865149 24.152982 0.062500 0.264090 
3005.409924 2425.004472 3007.047404 2274.913238 11.417608 0.031250 6.819421 
5361.284981 716.080803 5455.700958 1040.614632 47.488867 0.125000 92.099554 
1924.456887 924.905712 1946.950528 795.338624 28.257638 0.125000 5.284950 
820.612574 3054.357993 827.985272 3003.973543 35.475363 0.062500 0.662178 
5076.343013 2206.801900 5040.766862 2035.881103 29.769182 0.125000 20.006873 
2145.065911 1932.154153 2004.678007 1928.902702 52.070480 0.125000 13.646145 
2326.228338 3049.805803 2217.575021 3024.111167 31.496112 0.125000 1.066092 
2015.656556 1775.899075 2335.099753 1756.655932 23.331345 0.125000 31.105060 
2363.165067 1934.391594 2173.280849 1922.537019 58.003045 0.125000 16.174609 
2956.871563 2163.491245 3095.819527 2175.581665 55.012970 0.125000 16.311214 
49.094434 2633.123553 96.970209 2482.448597 32.065410 0.125000 10.920425 
2519.357043 1796.946085 2453.525274 1820.956615 41.563841 0.125000 2.477449 
2872.670906 1579.647399 2782.364310 1618.942798 26.318979 0.125000 6.651266 
1776.198569 2812.191761 1863.161381 2849.307872 20.012922 0.062500 1.119359 
5690.271929 2000.646008 5602.264839 1974.051124 43.180959 0.125000 4.940475 
2.790629 935.493049 1654.257766 748.446678 55.089169 0.125000 373.561921 
3718.896613 3144.898888 3716.556063 3054.700134 32.065111 0.125000 9.313357 
926.450858 2415.341959 883.627262 2597.033395 21.760688 0.125000 13.199819 
332.670932 2176.067902 271.877087 2259.982276 33.796913 0.125000 2.345448 
685.473449 1465.029195 845.117680 1457.492850 29.023536 0.125000 3.738601 
4737.135704 1111.257196 4704.258750 916.816179 57.207021 0.125000 14.821519 
1444.523648 1000.749501 1183.321457 1030.022314 62.967895 0.125000 56.835559 
2723.081633 2724.948365 2730.612682 2445.151071 37.253852 0.125000 23.993971 
3819.769846 2945.540186 3785.518446 2613.913623 33.950719 0.125000 44.448025 
2317.991324 2475.323641 2325.708635 2403.994736 23.110927 0.125000 0.464982 
5528.209091 607.332490 5454.397327 576.439973 29.256365 0.125000 0.412161 
4102.437842 2364.203114 4044.558238 1823.975936 31.959880 0.125000 51.740355 
2701.492618 2914.824702 2693.989401 3064.949490 14.480114 0.125000 3.994932 
4646.143086 1106.840044 4603.415524 901.174133 35.095575 0.125000 25.757686 
3232.458590 2220.663095 3188.176530 2122.596666 35.572553 0.125000 0.894638 
861.136695 2604.071675 904.211851 2424.810613 26.455719 0.125000 12.110355 
2677.492396 1690.953992 2752.687813 1659.476502 29.174748 0.031250 0.341585 
3850.462009 3185.584975 3820.807834 2955.540396 25.918361 0.125000 17.503332 
1144.935527 1034.700067 1071.863236 1050.407668 55.188133 0.125000 0.051693 
5000.640895 2243.816945 5053.391821 2495.337281 30.789378 0.125000 35.354591 
405.017691 2625.005353 523.192317 2234.453025 25.076350 0.125000 34.899649 
3315.312274 1657.688332 3235.114739 1659.662085 31.713176 0.125000 9.816807 
1841.387157 3024.434214 1820.797830 3155.907964 27.495090 0.125000 10.640236 
595.032737 2636.110984 414.894481 2641.418981 20.580392 0.125000 16.432734 
4957.457483 656.088725 4876.230166 645.533396 74.570936 0.125000 2.089120 
154.846355 1533.148830 4.223987 1545.650317 20.798608 0.125000 9.067401 
3465.755526 1738.864860 3384.934367 1754.664256 34.071170 0.125000 1.489205 
123.152025 2404.305325 157.747724 2312.273787 24.562740 0.125000 2.105587 
6165.539014 1224.898470 6186.234214 1334.767520 60.814172 0.125000 7.259487 
4915.000344 1998.071409 4824.999818 1998.073775 30.001314 0.125000 0.057377 
3845.013754 3197.510622 3714.962873 3198.223094 10.657249 0.015625 5.999903 
5563.118843 1618.260230 5510.431564 1426.253594 63.917107 0.125000 46.469418 
2194.272394 519.686050 1863.625217 564.959503 73.011143 0.125000 66.374442 
6195.273963 1679.696835 5854.682880 1699.563295 29.282925 0.125000 44.908603 
5614.606118 1926.606468 5725.306817 1953.748633 48.748697 0.125000 9.329195 
760.103556 1446.568111 840.863146 1183.728916 22.748822 0.125000 26.815703 
3564.745544 3186.504689 3835.102043 3178.406819 22.984948 0.125000 41.475262 
4344.150500 2758.706102 4566.235122 2809.611546 39.799198 0.125000 28.941095 
5948.219504 566.453327 5882.480086 541.689503 38.649637 0.125000 2.955763 
6126.307470 562.872145 6064.910123 525.146272 43.306268 0.125000 0.530114 
6126.979456 2516.137800 6198.281792 2503.465653 29.537148 0.125000 2.228005 
2756.142907 1657.788855 2897.064419 1600.037474 16.837221 0.125000 5.765114 
5470.656378 1626.201524 5413.141596 1418.280249 49.830154 0.125000 24.902722 
3404.242840 1445.017353 3397.818363 1164.706215 28.846470 0.125000 33.011383 
437.379136 1673.474884 315.736452 1707.623367 44.252930 0.125000 5.613404 
4920.476515 1315.961066 4993.048678 1657.539194 44.502045 0.125000 68.873485 
3693.769105 342.521340 3312.546345 380.125163 81.576896 0.125000 84.289422 
5360.548407 1636.146870 5306.701194 1427.138032 48.123339 0.125000 23.128438 
3269.830297 2044.493731 3279.269467 2134.552512 24.060651 0.125000 3.994932 
4818.294997 2776.006325 4924.742208 2744.138895 67.975351 0.125000 17.835093 
5485.389436 2800.063232 5665.095468 2786.241216 44.483491 0.125000 11.805705 
5833.793989 2465.592342 5776.662257 2349.271983 35.903162 0.125000 0.332081 
2565.818783 1516.116845 2364.700214 1530.929717 26.980820 0.125000 28.465322 
3835.202451 1428.246456 3734.968638 1434.497091 14.959784 0.062500 2.567270 
4956.097215 2022.694004 4996.014496 2214.789188 27.719825 0.125000 25.192959 
2954.575779 1089.699401 3135.807081 1106.059393 47.100341 0.125000 13.502424 
5284.872666 852.232827 5339.346777 1046.584521 25.822056 0.125000 17.502120 
5340.750194 1443.125533 5372.138352 1539.413185 50.217968 0.125000 3.925753 
672.946631 1078.189807 453.773834 1104.961821 65.619780 0.125000 47.096519 
995.834480 1168.375704 914.533440 1164.294683 27.970275 0.125000 1.348026 
1584.917785 3144.986657 1550.684187 3355.922509 26.667569 0.125000 16.510251 
2685.347301 1546.232793 2563.730699 1580.494435 31.587634 0.125000 6.293091 
4811.589185 1436.504483 4786.176725 1378.891876 56.776629 0.125000 0.595098 
4893.270083 2263.445394 4938.551881 2504.332319 29.483602 0.125000 25.757686 
3170.709294 390.076899 2833.369744 444.983996 70.466244 0.125000 83.313462 
828.987614 1429.321607 870.880768 1293.727324 27.108480 0.125000 3.379420 
1842.504925 568.531138 1715.421866 587.784549 62.318905 0.125000 4.999244 
1004.803964 2148.878264 1155.430056 2156.492031 33.495558 0.125000 3.521360 
5307.462758 1324.284723 5330.446080 1403.418256 26.337870 0.125000 2.228005 
916.647010 2375.419220 957.936746 2213.202163 22.200187 0.125000 9.815624 
4211.602306 278.299565 3833.900917 326.362971 81.337379 0.125000 76.465174 
2428.607048 2366.293457 2400.165953 2665.491065 73.016799 0.125000 103.036967 
3818.335544 1787.050546 3733.744717 1810.464953 25.254075 0.125000 0.379692 
4843.556548 2013.348869 4888.140605 2244.393967 28.252441 0.125000 24.647533 
5722.797960 646.363400 5844.641601 631.966752 40.897075 0.125000 6.286435 
6177.880437 1472.928145 6127.386595 1363.894757 62.180069 0.125000 23.695352 
352.329283 1937.581173 402.813643 1794.230025 22.719195 0.125000 5.093124 
4604.583726 1461.421657 4545.384865 1468.308349 34.732056 0.062500 0.011730 
4729.860718 904.006329 4769.149828 1096.195944 22.031528 0.125000 14.081736 
6075.332125 1926.163976 6196.851825 1891.489970 26.079313 0.125000 3.476759 
2461.876644 2053.359668 2431.416723 2297.051981 93.026984 0.125000 96.201149 
382.419104 1467.565957 466.172284 1225.405444 25.793773 0.125000 28.535735 
4296.153544 2016.099914 4267.383149 1784.703694 22.420619 0.125000 27.578891 
5244.360066 1277.148918 5484.395520 1257.583879 38.837187 0.125000 32.475528 
3374.771631 1679.379756 3446.141849 1683.101138 24.959301 0.062500 1.414092 
3584.679198 1680.031633 3945.113562 1656.758764 22.205485 0.125000 39.593409 
2965.117241 450.869798 3165.239849 456.550523 24.248166 0.125000 13.103390 
4965.119115 2251.238688 4895.144623 2252.574706 21.141722 0.015625 0.519601 
436.080248 1193.663479 263.771632 1215.148616 45.903834 0.125000 8.943598 
4405.006657 266.467902 4294.918219 266.967167 60.452892 0.125000 6.193806 
6035.432483 1379.957362 5975.019873 1385.227795 31.624694 0.062500 1.119359 
4.420061 2554.801275 83.357749 2324.437258 33.210669 0.125000 17.162703 
1064.927497 2622.271044 874.796023 2627.322468 21.852053 0.125000 24.466314 
2660.906958 459.045577 2322.245842 504.463461 70.708074 0.125000 79.168592 
5781.524864 2349.610846 5741.542012 2232.761491 51.046552 0.125000 28.514784 
764.993520 2966.991487 654.994685 2966.633587 30.227597 0.125000 2.100623 
1176.212064 2635.260321 1279.608661 2153.842075 35.697693 0.125000 98.866084 
4957.284664 1656.650156 4916.675332 1466.780480 32.840851 0.125000 21.374408 
3626.527602 1799.927825 3562.664643 1819.725036 29.381380 0.125000 0.379692 
1185.028149 1578.483218 1245.024231 1577.998372 30.322262 0.062500 1.791980 
3534.633116 438.254330 3655.353544 451.863995 44.229300 0.125000 4.657691 
4169.345937 2025.608771 4143.457546 1785.166076 23.859162 0.125000 20.278461 
511.617763 1457.285147 561.202362 1313.688656 20.262608 0.125000 6.375660 
3485.378595 1043.219000 3705.151630 1050.281637 29.342132 0.125000 19.746529 
5410.835735 1396.459462 5386.638028 1327.416456 38.234014 0.125000 0.860447 
5635.408275 1711.906734 5214.514500 1736.786872 34.619431 0.125000 53.653169 
1225.605467 1894.870836 1044.446901 1905.982911 27.494767 0.125000 11.500710 
1162.425791 1406.778797 1198.578038 1255.857094 19.449761 0.125000 8.193134 
4013.939645 4125.083071 4002.198924 3975.219444 20.719939 0.125000 6.387571 
4224.995704 1474.932766 4103.574601 1482.690662 63.066030 0.125000 17.347967 
4316.094557 2176.029593 4300.999199 2045.462548 22.164636 0.125000 3.962115 
4167.808417 1716.578220 4406.466321 1740.160522 46.571261 0.125000 25.519518 
5464.956379 1934.261803 5605.058086 1925.982976 35.256738 0.125000 22.707669 
208.770579 1966.324567 301.057812 1703.615148 24.725190 0.125000 15.768051 
898.952651 1426.161806 940.806752 1283.767475 22.560117 0.125000 4.926507 
2035.078257 1556.049937 1974.668511 1560.552566 22.174535 0.031250 0.123181 
1604.191540 2819.868384 1685.328584 2807.085649 27.834552 0.062500 1.615075 
281.775280 1947.354221 331.644529 1803.834068 20.494669 0.125000 5.542173 
2439.026130 2289.996995 2430.188123 2371.211674 89.471779 0.125000 29.500902 
2590.938612 2915.073174 2583.010473 2475.035845 43.055897 0.125000 46.487252 
882.620353 2912.894516 985.344064 2943.858562 29.639819 0.125000 1.313361 
2365.398582 609.966935 2184.158284 624.510944 47.440085 0.125000 18.791268 
4694.998571 1315.188964 4915.061607 1316.853089 49.544861 0.125000 30.734664 
5102.952371 2807.834573 5266.123904 2822.466542 62.304127 0.125000 45.012630 
3984.006906 1031.807494 4125.836337 987.688580 39.889525 0.125000 11.641949 
61.433898 2457.197302 4.217293 2624.732690 25.390500 0.125000 15.752450 
303.205214 1119.072373 93.612867 1142.690038 62.002816 0.125000 45.356181 
920.021194 2613.763598 947.493708 2503.135939 41.295715 0.125000 10.499467 
1291.690056 2098.840418 1320.428073 1973.947990 34.496493 0.125000 14.081736 
1855.502015 668.900969 1704.147907 688.378709 31.323776 0.125000 15.825120 
4331.027495 1375.578565 4301.673219 1174.028097 25.748997 0.125000 16.172958 
1040.165197 1040.003255 833.703023 1063.699717 69.543449 0.125000 57.782988 
6192.482750 1575.394970 6177.979760 1482.963409 44.166785 0.125000 1.943938 
5908.237830 537.849532 5575.555957 570.640486 67.272348 0.125000 84.266443 
875.474678 1352.273435 852.037443 1434.151986 23.373484 0.125000 4.398267 
1301.991322 1386.631286 1332.823370 1254.492127 22.722666 0.125000 2.673230 
4075.360429 1500.462987 3954.566702 1508.432546 36.518266 0.125000 2.992344 
344.967096 2930.956604 475.073605 2931.675304 30.717644 0.125000 3.642900 
3985.016028 383.761081 4205.108562 386.608437 30.385570 0.125000 17.349471 
5196.115401 613.238940 5033.677330 635.230061 77.935222 0.125000 39.919278 
5300.810476 1396.265751 5282.526467 1335.747311 35.398488 0.125000 0.412161 
574.718952 2170.046853 705.427364 2177.325702 33.289684 0.125000 1.512646 
1226.836083 1398.216911 1263.177524 1264.504672 24.545350 0.125000 2.891639 
615.259041 1203.301250 545.327138 1205.483479 40.916235 0.125000 2.477449 
615.555538 1925.164276 689.970541 1673.512756 24.438687 0.125000 20.559704 
2398.098139 2883.820149 2392.395264 2965.516234 52.664082 0.125000 2.691498 
1284.872847 1254.971414 1253.469905 1394.656014 22.689301 0.125000 3.476759 
1994.981605 617.245711 2135.136022 618.393714 40.080565 0.125000 13.742027 
1070.412904 1788.110674 1087.100951 1705.424020 49.101114 0.125000 1.512646 
1587.662240 1187.321253 1549.766273 1394.040548 29.345672 0.125000 32.293865 
5843.804356 631.387290 5944.036010 650.149765 23.967957 0.125000 7.107537 
2475.067876 511.397159 2665.188791 514.978933 23.198591 0.125000 15.768339 
4242.897422 2783.875134 4337.092665 2766.072419 27.621033 0.125000 10.719897 
1906.892989 2435.266225 1974.447326 1954.922273 20.266695 0.125000 49.738481 
2944.588597 512.432653 3035.460062 497.871004 21.330317 0.125000 3.495177 
1306.715941 1953.248159 4.232656 2032.367832 56.623536 0.125000 300.671276 
4844.665901 1958.356328 5065.464340 1980.335286 44.846895 0.125000 21.780009 
3384.923557 484.767639 3526.093809 438.324803 38.244469 0.125000 9.415632 
4865.182098 2390.361842 3894.942706 2423.312990 19.988476 0.125000 125.829713 
4984.946190 3013.183973 4614.830689 3010.750429 62.234186 0.125000 137.145884 
2344.181669 1603.940390 1496.602323 1666.655132 60.216325 0.125000 215.738298 
4894.751901 2226.881840 4964.686584 2224.744565 21.823472 0.125000 0.785907 
5727.331478 2179.954868 5676.888089 2000.079210 67.399867 0.125000 41.712648 
5040.836754 2027.816196 4962.596071 2002.400290 34.953616 0.125000 6.447638 
5265.194980 2840.280215 5555.525721 2852.274125 55.736028 0.125000 54.795255 
714.031386 2226.947276 695.044104 2315.009509 20.313789 0.125000 2.592087 
764.728872 2943.923335 875.273427 2916.085794 24.278469 0.125000 10.719897 
805.310233 1157.866736 653.837609 1174.258807 41.919612 0.125000 11.679575 
2513.793496 557.264062 2635.566286 569.243732 39.807832 0.125000 2.474416 
1814.818301 2632.912657 1975.233018 2630.501276 31.649963 0.125000 9.836915 
3865.039740 1515.585509 3505.339291 1539.998999 27.402846 0.125000 54.127241 
4626.447200 2866.708469 4756.925848 2850.580943 54.418220 0.125000 10.516160 
4653.482153 3270.782148 4792.960096 3255.891981 64.578942 0.125000 12.041881 
560.406745 2423.655901 504.460922 2614.842252 19.902909 0.125000 11.504723 
1354.954155 334.665834 3910.750754 -15.972662 59.536370 0.125000 635.806724 
5891.479040 721.979863 5819.593572 685.717568 53.728798 0.125000 0.779692 
963.068938 1284.428352 950.570447 1326.649007 23.089011 0.031250 0.923468 
1354.789041 3517.194283 1503.296914 3432.030185 38.399351 0.125000 13.202476 
1874.634203 1194.615409 2064.750556 1187.918562 34.205785 0.125000 16.804262 
3495.199475 389.912671 3685.299310 397.366519 28.801563 0.125000 8.084148 
441.474419 1467.406736 494.482760 1324.807726 24.635641 0.125000 4.704194 
3420.153454 2795.135054 3416.487056 2935.038971 39.986271 0.125000 6.019295 
5704.180865 2711.470476 5860.407862 2675.213192 55.487696 0.125000 28.156432 
1820.427789 3173.424465 1806.188064 3305.128452 27.676322 0.125000 3.128152 
5084.189417 719.937958 5304.934367 684.590129 40.690697 0.125000 29.505306 
596.226646 2295.346288 573.094927 2377.285233 18.004151 0.031250 2.290512 
2832.976612 510.372749 2955.739598 456.691374 33.792215 0.125000 5.451098 
4416.105926 374.562115 4253.652708 393.350981 24.799265 0.125000 15.788344 
2399.852591 2662.723027 2386.054145 2875.716127 67.914128 0.125000 68.995555 
2385.571333 596.906368 2506.681314 560.610042 51.703726 0.125000 8.026551 
3091.911072 2177.174297 3208.946513 2280.531194 33.973382 0.125000 9.063654 
4145.429006 1404.735935 4014.801356 1410.491937 21.301256 0.125000 5.518085 
5125.446235 1742.249964 4754.389946 1765.088471 27.023365 0.125000 60.309580 
988.792376 3513.708147 1013.558844 3394.700085 27.730184 0.125000 8.083819 
962.780305 2113.007482 1105.301375 2086.628260 33.492825 0.125000 14.258187 
1993.166710 1944.747257 1926.921021 2425.264838 19.100514 0.125000 47.180593 
2858.130294 1826.840644 2873.831413 1714.836184 30.912383 0.125000 1.833124 
252.667821 3230.868067 213.476050 3347.839926 22.238643 0.125000 5.576557 
2383.360827 1154.858558 2487.115520 1138.088564 40.784873 0.125000 2.691498 
2845.064700 552.194115 2784.889697 552.735300 40.178245 0.062500 1.125987 
2485.915106 1603.979281 2346.345581 1618.203233 26.994090 0.125000 10.659384 
2575.256735 1794.256578 2524.740886 1795.657658 40.535276 0.125000 0.412161 
3697.547272 2094.814900 3715.000555 2334.999960 13.045480 0.125000 11.695534 
2775.439717 561.724830 2684.713691 564.110135 41.563115 0.125000 3.379420 
2997.048903 2090.169210 3171.173682 2164.021481 35.713786 0.125000 26.178113 
1155.587029 2685.694840 4.527586 2718.345740 56.217897 0.125000 287.242778 
1041.198610 1898.965333 1066.555551 1795.380790 48.768268 0.125000 5.393550 
3149.247045 2185.061971 3005.571820 2123.661948 22.399165 0.125000 5.748343 
3504.890734 1542.087901 3375.073498 1546.958830 22.235639 0.125000 1.076562 
2494.337321 1138.479936 2594.513212 1157.556279 40.694429 0.125000 8.358173 
3044.555615 497.770031 3135.425463 512.347919 37.541279 0.125000 2.345448 
4304.384934 351.286086 4426.017253 331.142418 31.168245 0.125000 1.350622 
4724.990411 2514.372751 4545.032466 2517.123765 18.774848 0.125000 3.808005 
5317.832022 602.581276 5196.261668 611.742484 65.090454 0.125000 8.258055 
174.686209 2187.490905 285.447958 2201.444061 18.514352 0.125000 2.105527 
1732.830018 651.519230 1815.516593 638.209278 26.440270 0.125000 1.241680 
3399.208004 2535.142409 3395.816200 2635.366046 42.682953 0.125000 5.190146 
628.028153 2497.613057 601.034270 2632.198893 47.057118 0.125000 12.718453 
694.315038 1620.544619 864.879761 1612.462481 30.439692 0.125000 11.712438 
2693.495944 2633.268718 2666.342699 2813.697135 24.770386 0.125000 10.146797 
5854.218706 1229.432640 6144.491317 1214.864446 39.486017 0.125000 41.655786 
2424.964224 3080.524554 2575.034573 3079.324901 20.478982 0.125000 12.526077 
3234.578170 1536.484844 2963.711839 1459.534337 15.084887 0.125000 19.617419 
1340.606317 1876.213488 1477.580226 1243.393988 35.159821 0.125000 123.623421 
4196.230610 2244.845492 4173.671194 2065.166837 21.089963 0.125000 3.379420 
857.824075 1658.995224 773.389941 1649.825820 47.548472 0.125000 3.916618 
948.465555 1349.978845 923.689521 1431.565251 31.611317 0.125000 2.181919 
3895.977685 433.082997 3685.429397 458.550033 28.582119 0.125000 27.700190 
5323.454103 778.065450 5251.564786 741.811887 53.726702 0.125000 3.443265 
114.186415 2310.884150 81.263043 2397.383830 24.480518 0.125000 4.879650 
1224.968271 3080.224511 1505.018673 3081.925277 21.092764 0.125000 29.024896 
4295.430900 2051.593503 4205.162905 2057.492721 23.218085 0.125000 0.412161 
4056.193377 1768.078382 4177.366318 1721.104051 36.720484 0.125000 11.124254 
5925.094549 2589.576988 5545.050152 2597.427767 31.026257 0.125000 38.119069 
154.716839 2647.758766 4.945857 2653.615405 14.681255 0.125000 8.913717 
5854.649455 2630.611385 6044.238605 2615.467781 37.866983 0.125000 24.788821 
3920.095850 426.448420 4006.358387 388.051775 38.604141 0.125000 5.093124 
3313.340375 3335.477165 3304.301865 3114.619325 27.112586 0.125000 16.112631 
4774.959080 2493.492829 4874.885421 2490.779803 21.349645 0.062500 0.011730 
5205.561006 1739.425364 5134.890087 1742.173773 24.192568 0.031250 0.285970 
4.763311 2804.296222 1125.100006 2779.522552 35.691293 0.125000 159.240278 
1195.448118 1121.960096 1034.185083 1132.342846 45.699933 0.125000 11.156570 
1314.813333 2647.688475 1634.860030 2639.517539 33.308105 0.125000 39.262603 
1903.693697 611.084816 2023.682270 571.050567 25.319883 0.125000 12.869859 
2852.930374 1128.653819 2946.069412 1098.279182 25.421103 0.125000 5.576557 
3273.793697 1579.137720 2945.461663 1483.416457 17.214183 0.125000 32.546005 
3482.220777 1624.771002 3280.044516 1567.264834 44.117763 0.125000 26.562351 
4893.171857 1380.393001 4803.326493 1349.936826 41.253581 0.125000 6.088820 
4845.136294 3165.708425 5003.135915 3135.310898 68.739403 0.125000 26.375100 
4836.207787 1086.864415 4797.959484 906.492962 32.317157 0.125000 18.774345 
5015.122105 2610.681249 4924.948833 2612.619314 20.640014 0.125000 2.592087 
2704.984713 3082.149764 2924.978384 3080.969810 20.053347 0.125000 20.500374 
3485.437091 2091.827022 3695.555074 2086.369087 61.278109 0.125000 80.138201 
83.647657 1230.650816 4.351975 1238.124060 33.620828 0.125000 2.105587 
754.995679 1917.962417 797.981857 1772.920035 22.732247 0.125000 5.093124 
2351.399758 566.581204 2466.084880 517.536882 26.312776 0.125000 11.980075 
2675.274625 3065.017783 2681.764628 2964.790500 15.148504 0.125000 1.688997 
4088.234208 1275.839544 4078.154528 1194.608565 19.847781 0.125000 1.688997 
4134.969656 985.269368 4296.301855 1003.443229 27.572633 0.125000 10.313114 
5403.433015 1045.439034 5350.434695 856.279095 54.288183 0.125000 35.352375 
1445.025068 2451.279698 1295.027458 2451.878478 20.159516 0.125000 1.667226 
1655.047173 2697.249307 1294.786183 2704.804809 28.945020 0.125000 40.690446 
3365.474319 489.818417 3163.493997 509.701128 53.678105 0.125000 23.654494 
3294.926187 2784.500185 3416.700755 2766.516432 25.012138 0.125000 1.076562 
3945.133704 1510.388577 3855.189079 1512.620326 31.231011 0.062500 0.675414 
4544.868786 2519.826820 4104.898198 2530.986400 22.022067 0.125000 26.324730 
548.457238 3176.134309 614.502370 2974.836729 25.238235 0.125000 6.133153 
572.134803 1374.327899 534.574584 1454.801442 41.681261 0.062500 4.723334 
4396.038467 1459.895804 4215.934710 1467.408386 63.698735 0.125000 34.804406 
4789.459229 658.914025 4563.663908 681.842303 81.764873 0.125000 39.831615 
5645.664081 676.600963 5728.076282 642.416281 21.542092 0.125000 2.592087 
3925.318701 1469.462663 3444.912226 1503.770928 27.070675 0.125000 44.575613 
334.255240 1861.566276 305.378999 1951.925398 25.138965 0.062500 0.080909 
750.528660 3346.400941 781.514970 3224.116907 41.494218 0.125000 3.847814 
994.770928 3048.006971 1075.012398 3045.378490 21.953652 0.062500 0.662178 
3912.588105 362.197657 4134.144241 320.457631 30.621833 0.125000 12.839343 
474.672036 1169.058755 624.766683 1160.773337 25.481336 0.125000 12.351514 
1274.854331 2810.261250 1485.270299 2803.793086 38.752099 0.125000 26.490873 
4105.059616 1455.734168 3934.559808 1469.579020 23.171794 0.125000 9.891733 
864.728958 1127.164608 1005.252647 1122.303605 32.402063 0.125000 14.081736 
2045.334088 2525.914792 1324.784818 2547.969915 29.068123 0.125000 115.931856 
4094.913569 2511.696933 4595.094429 2498.608713 25.019710 0.125000 37.095425 
1900.229902 1484.176273 1887.912809 1555.503000 18.006635 0.062500 3.495177 
4145.113518 2711.069042 3905.010475 2715.560038 12.990441 0.125000 6.651266 
4785.321605 1907.687883 4944.242967 1888.672939 28.599510 0.125000 16.650191 
1894.299127 1858.339606 1963.356233 1872.832421 21.627520 0.062500 4.699297 
404.930701 1861.450602 372.291376 1954.045218 29.378073 0.125000 2.477449 
1224.307025 1101.054364 1407.439624 1068.890641 35.266976 0.125000 12.250178 
3402.943873 1016.627732 3555.992390 979.040874 36.803470 0.125000 10.640818 
4675.968057 821.013715 4612.429794 805.583647 55.667437 0.125000 1.066092 
5233.143628 761.531880 5153.030877 752.535986 55.267177 0.125000 9.504196 
464.972975 3384.593706 35.004556 3383.382515 21.126689 0.125000 38.083060 
519.588651 1316.595870 465.631078 1471.741617 24.231322 0.125000 5.497126 
4794.119888 1.502665 4650.946381 446.911422 46.586269 0.125000 111.311374 
2313.507098 1118.268861 2514.699753 1073.646256 39.088990 0.125000 17.628617 
4944.921354 2709.711447 5105.034655 2707.330400 31.781007 0.125000 10.920425 
4.482195 1620.759565 114.492060 1630.649834 26.187624 0.125000 8.193134 
4943.319197 1892.622867 5094.775493 1926.018195 30.296992 0.125000 9.697431 
184.988250 2135.196905 294.597960 2141.737515 29.351073 0.125000 9.942595 
268.139177 3352.289432 311.130905 3243.471402 46.731157 0.125000 9.836915 
1213.878933 3332.380181 1366.230015 3318.846250 48.034166 0.125000 11.974282 
1071.863447 2364.236866 1113.148907 2194.549623 24.161217 0.125000 7.893478 
1796.509996 1179.315344 1924.798924 1134.425354 28.316517 0.125000 10.659384 
275.847006 1649.220927 399.738984 1609.950892 78.814307 0.125000 33.553886 
415.248107 1778.450954 294.434678 1787.136856 30.639866 0.125000 2.110602 
1106.105789 2169.698460 992.958968 2196.327726 37.215626 0.125000 0.708316 
1924.802763 1128.479152 2105.356308 1138.714930 35.407860 0.125000 11.208865 
3067.763165 2805.013236 3068.913024 2564.970842 11.149528 0.125000 8.010627 
5055.707932 742.653602 4855.570302 761.165649 37.066875 0.125000 18.853843 
5993.270392 993.022236 5923.992766 805.371855 58.304579 0.125000 68.687873 
524.843916 1121.407748 625.089163 1117.052067 13.897410 0.062500 3.495177 
2044.510505 2795.657312 2155.254373 2789.855065 33.621423 0.125000 6.720679 
2390.976571 2974.736179 2385.057610 3065.003778 22.574373 0.125000 0.379692 
3339.016796 449.454710 3484.419199 393.490990 30.851529 0.125000 13.432229 
4138.243350 1771.719495 4061.896565 1808.570376 35.711204 0.125000 3.134984 
5811.793613 705.228922 5713.955084 694.851172 56.049788 0.125000 6.133153 
1641.851249 1856.326085 1835.388239 1786.069487 35.023960 0.125000 8.634279 
645.033255 2836.558982 4.897905 2850.213807 33.831911 0.125000 79.893999 
104.907266 2928.828892 245.176134 2926.721048 21.800799 0.125000 12.526077 
1314.814134 2587.996053 2045.095969 2568.616377 27.783081 0.125000 54.010387 
3974.949773 3148.671427 4165.017166 3147.162936 21.031097 0.125000 13.209030 
4094.821079 2576.952789 4315.156835 2572.053874 32.215425 0.125000 6.554679 
4584.814309 761.378340 4784.801297 751.124551 39.947527 0.125000 17.913608 
5845.320758 1700.801920 5644.827850 1711.886122 33.818291 0.125000 12.542666 
3527.602881 3213.254161 3536.322856 3276.202018 35.204897 0.125000 0.517008 
4255.109712 1767.203328 4164.846153 1765.933174 30.841243 0.125000 7.319856 
3305.261002 2795.027209 3288.545432 2955.369608 19.277957 0.125000 8.095321 
2179.671386 2414.865990 2180.769059 2535.038646 60.819535 0.125000 14.626280 
2876.292577 547.591808 2940.337728 515.651453 35.795450 0.062500 1.125987 
1735.015508 2595.531916 1314.789606 2607.783586 22.031486 0.125000 43.807684 
1285.023236 2746.008191 1655.057158 2737.480085 22.989982 0.125000 24.256335 
317.423822 3835.831696 403.651497 3584.537283 22.719109 0.125000 24.282927 
4545.496936 1468.030915 4404.557848 1473.405650 33.407881 0.125000 11.150562 
4725.096511 2821.274341 4584.672653 2817.636749 22.841818 0.125000 3.134984 
1466.332935 1175.691100 1404.795947 1183.363349 27.295135 0.062500 0.264090 
1925.591863 656.214853 1998.120696 620.879600 31.579696 0.125000 3.808005 
3213.385404 1688.746193 3074.872753 1724.507135 48.412535 0.125000 1.618689 
3245.898141 1521.727529 3374.448712 1557.008677 11.933465 0.125000 0.785907 
1525.022588 2926.434110 1254.932087 2930.688259 21.729896 0.125000 28.145654 
4514.961740 2683.310554 4785.049687 2677.194057 29.313095 0.125000 16.874544 
44.899509 3060.119895 275.007856 3055.381511 30.405394 0.125000 19.938506 
3934.878023 2767.794936 4055.182131 2765.758264 40.840616 0.125000 7.257954 
5104.661197 2707.886499 5225.340007 2702.138782 33.771974 0.125000 13.284227 
433.765495 1162.403729 498.213878 1131.759065 24.975731 0.125000 3.495177 
2614.280246 2904.972825 2607.856623 3075.107855 14.520378 0.125000 10.201795 
3004.493377 1029.763409 3146.082458 1044.822440 40.833272 0.125000 9.125843 
2809.139288 1087.441310 2953.176565 1039.519367 41.111391 0.125000 4.815032 
4685.050597 1459.150251 4604.883605 1458.456850 25.431335 0.125000 1.688997 
5455.028105 2756.909852 4954.989234 2764.268383 30.291039 0.125000 53.263918 
673.174878 1600.689307 755.375202 1565.886177 39.322503 0.062500 3.103141 
4714.817758 1412.263822 4404.860691 1432.908424 17.962061 0.125000 21.716797 
3564.893110 984.402237 3655.085656 983.492550 20.704970 0.125000 2.592087 
3999.160467 3584.215602 4020.237391 3964.709882 24.423204 0.125000 25.793234 
5505.072650 700.188270 5385.099999 698.376865 40.448344 0.125000 2.150049 
4514.978967 2637.170750 4324.803033 2635.328058 39.319896 0.125000 8.255635 
2055.202009 2481.737822 1324.958969 2503.631444 20.097147 0.125000 86.288609 
1135.053102 2747.279754 4.967449 2773.602532 20.259179 0.125000 131.039654 
4874.949442 2442.789476 4745.017410 2445.761222 30.906779 0.125000 1.643691 
5415.179393 2600.834723 5094.867269 2610.682959 30.293143 0.125000 35.680420 
1097.119437 1208.973405 1207.669803 1150.005201 32.355164 0.125000 3.154924 
2024.950583 566.390545 2185.103698 572.082049 29.270764 0.125000 4.958542 
4135.027239 2831.508624 3934.883387 2829.947161 20.701523 0.125000 23.363157 
6105.319485 639.575828 6004.414977 646.621003 33.409676 0.031250 4.632256 
1225.118408 3155.054782 1335.220902 3153.758181 50.114288 0.125000 7.622936 
1445.030369 3275.646347 1174.687482 3288.348713 27.018112 0.125000 17.835093 
1846.904756 1784.373324 2045.889071 1820.039852 39.372520 0.125000 16.414075 
1825.025325 2736.386575 2024.958630 2732.734926 19.448826 0.125000 8.133207 
5404.253250 1880.836315 5554.791513 1853.837530 23.965482 0.125000 10.640236 
566.199985 2595.313468 582.149953 2534.255492 21.878110 0.062500 3.495177 
5394.789070 2700.055961 5615.027486 2696.947375 32.255130 0.125000 12.603142 
764.603290 1562.041205 895.315191 1569.405673 29.389978 0.125000 12.351560 
1115.235641 2827.973529 684.832735 2835.791042 31.811078 0.125000 59.645692 
2485.474302 1572.100968 2384.588518 1578.839530 16.623261 0.062500 1.141069 
3435.062766 1506.178632 3245.069035 1516.296357 23.162357 0.125000 5.451098 
4325.143615 3429.236759 4105.031106 3423.751742 25.225191 0.125000 27.785068 
4305.069089 2640.077032 4074.975617 2643.208161 29.589018 0.125000 9.070224 
4925.106934 2650.267801 5845.133808 2631.591711 24.514084 0.125000 76.718326 
4915.037000 2698.572430 4545.076687 2702.404190 23.727326 0.125000 42.817229 
2353.920936 1521.367573 2340.960076 1453.855789 68.350789 0.125000 1.376713 
3954.907630 2955.892060 4145.090903 2953.963274 30.809753 0.125000 17.145180 
4674.162208 418.002315 6196.289056 235.766877 46.780426 0.125000 433.077641 
1545.111577 2758.402489 1285.063297 2766.930197 20.972510 0.125000 10.612907 
5600.247066 2381.278018 5660.904806 2427.200505 36.801003 0.125000 0.057377 
4065.328565 2641.703199 3894.758052 2650.063902 40.441608 0.125000 4.493541 
4694.996211 3068.095884 4925.001630 3067.969656 10.120736 0.125000 6.204447 
1244.892410 2973.534656 1505.057179 2971.093296 31.030863 0.125000 29.168332 
3656.920033 986.442048 3744.742954 1006.145705 20.839760 0.125000 1.688997 
494.708481 2154.213971 595.658025 2116.774247 30.549157 0.125000 4.926507 
504.920753 3052.382962 575.159160 3050.256063 20.596182 0.062500 1.141069 
3394.785682 3125.419136 3514.234456 3186.497156 18.816076 0.125000 1.257654 
4614.876050 1261.170775 4904.895866 1251.782965 29.337243 0.125000 20.938705 
5574.662145 1857.691296 5675.582431 1870.360456 31.011954 0.125000 1.076562 
835.317813 1749.390560 684.659501 1760.296025 35.697435 0.125000 5.291554 
2025.174605 2690.047903 1824.969494 2692.370938 29.649906 0.125000 8.666861 
2715.992302 2815.049289 2720.451707 2725.270793 36.974145 0.031250 2.803340 
604.979619 2115.790491 715.164202 2118.631383 40.759945 0.125000 1.101342 
893.896906 3188.275030 926.641131 3085.522983 40.728838 0.125000 2.250281 
1867.021779 2989.272080 1976.226070 2937.590723 25.427315 0.125000 0.530114 
4064.384037 938.460553 4145.547781 930.815589 36.432172 0.125000 0.057377 
4211.802051 1174.009240 4242.585369 1385.351706 20.178921 0.125000 10.313114 
4565.342067 717.410002 4675.952445 701.710372 19.865352 0.062500 1.057951 
6195.375995 1641.147847 4764.611741 1728.651626 20.605291 0.125000 127.239943 
1136.266160 1542.496950 1246.499678 1523.879614 34.445496 0.125000 2.604316 
3974.989502 2694.240271 4205.083748 2691.060865 22.485065 0.125000 4.346543 
6195.859672 619.964734 6113.145026 634.287243 60.826416 0.125000 3.925753 
5544.955120 2599.164351 5424.962217 2600.087184 20.460839 0.125000 7.107537 
407.627263 3565.954815 502.760673 3304.186171 23.083089 0.125000 13.703354 
4005.000870 3275.217623 4175.038135 3274.537752 10.000000 0.125000 0.785907 
4144.390227 328.459855 4225.398837 342.736998 21.432113 0.125000 1.688997 
1113.664136 2089.090673 1203.843933 2118.540098 28.324825 0.125000 3.018466 
2194.634369 2312.088144 2181.022385 2407.290864 49.496630 0.125000 8.030822 
3944.943231 2882.600682 4135.309870 2878.096516 24.015560 0.125000 12.351514 
4684.665618 697.576690 4815.065033 714.498868 24.602824 0.125000 7.234825 
5.025391 2756.113085 1135.121679 2730.334179 20.642019 0.125000 122.259988 
4391.481900 1796.528709 4312.713791 1772.491839 40.368615 0.125000 11.980075 
274.996209 2894.622030 85.015319 2896.527404 10.701512 0.125000 2.592087 
605.466050 2966.750651 524.799709 2969.950007 19.587984 0.062500 2.567270 
1733.779560 1875.366226 1885.150753 1856.189999 23.478180 0.125000 8.973533 
494.947973 2873.012231 635.113687 2869.343588 20.254799 0.125000 11.622987 
1505.002808 3037.363606 1225.003203 3037.696267 30.213833 0.125000 37.925757 
4735.282067 2447.367550 4564.458642 2451.263523 39.761590 0.125000 12.400564 
5625.031866 685.331174 5514.134193 696.002037 26.988668 0.125000 11.090711 
6042.509329 1855.761268 6192.399117 1815.352455 40.134333 0.125000 5.884214 
4785.431694 2628.563244 4634.947575 2633.352886 23.171088 0.125000 5.542173 
75.543587 2176.521898 188.936307 2136.020599 34.979252 0.125000 10.830798 
206.108315 2439.194213 148.660787 2626.125032 34.551582 0.125000 10.620107 
44.558797 2883.066780 485.065813 2866.780055 28.132145 0.125000 30.838521 
2562.992307 1590.506904 2334.025208 1692.818474 23.310307 0.125000 8.666861 
4144.411263 1652.067232 4304.988950 1644.757274 35.426057 0.125000 9.415632 
3934.623475 2582.467953 4085.088550 2577.947235 33.289924 0.125000 6.750729 
4135.121859 2900.544980 3944.993920 2904.723328 13.073554 0.125000 7.107537 
5612.547821 627.930948 5744.066366 582.308555 25.450043 0.125000 7.294752 
4032.283557 4015.201153 4040.439179 4125.337729 23.637785 0.125000 6.447638 
4044.963496 3350.099004 4185.011651 3349.755917 40.048875 0.125000 5.613404 
4954.201073 2818.551149 5115.278190 2810.727569 65.750938 0.125000 50.808930 
6095.064274 2537.404548 4904.845478 2569.219181 21.596091 0.125000 87.992446 
2009.548310 2985.550777 1986.583750 3175.191784 22.569429 0.125000 8.697611 
5327.856393 1921.833446 5411.586620 1886.834056 30.022723 0.125000 0.057377 
274.988107 3024.111877 54.893665 3027.059108 18.391461 0.125000 11.090711 
1246.824485 1526.620921 1344.376767 1547.862241 22.701468 0.062500 1.615075 
4170.723859 1784.378471 4197.786983 2033.611518 33.289184 0.125000 37.876565 
585.466231 2525.113782 610.185328 2423.825000 21.515524 0.125000 4.879650 
2552.963985 1083.423204 2652.011331 1107.364434 31.831844 0.125000 0.020535 
4153.735398 924.413765 4345.645602 950.194104 34.467289 0.125000 14.735359 
627.670730 2375.441883 637.599917 2315.430167 24.463489 0.062500 2.317280 
4164.988683 2464.673145 3874.990105 2474.714230 25.137493 0.125000 16.801325 
5274.967240 2800.395288 5484.956612 2798.901339 21.208912 0.125000 23.363157 
4774.160148 827.166032 4703.196695 799.650841 44.524945 0.125000 4.283456 
5835.137066 2651.133607 4934.916214 2671.250624 25.300864 0.125000 69.955435 
255.002807 3106.249422 24.981502 3106.766188 20.404337 0.125000 14.153863 
4355.157229 2571.546090 4485.082275 2568.425447 21.194827 0.125000 4.706702 
3940.458193 982.171701 4059.676226 939.963042 33.960351 0.125000 5.968878 
5062.539499 675.777835 5184.528007 643.230932 21.252494 0.125000 3.808005 
23.030350 3200.840862 135.036162 3185.259955 42.374133 0.125000 6.000469 
107.359564 2548.483837 87.608610 2618.554037 45.411695 0.062500 3.103141 
2014.964916 2753.308263 1905.012206 2755.588542 19.788358 0.062500 1.119359 
4122.566585 1311.103300 4141.825211 1397.922491 45.547582 0.125000 8.516425 
4320.917484 3385.537130 4315.190026 3235.374168 31.883897 0.125000 12.919007 
5165.560632 1256.599909 5332.573737 1198.076027 31.135463 0.125000 11.391518 
5745.561191 582.111646 5945.617320 590.822586 29.101576 0.125000 14.310054 
624.980621 3136.059552 715.133361 3137.708419 20.910989 0.125000 2.592087 
3058.189903 3064.823268 3063.902112 2844.711994 21.030978 0.125000 16.650191 
3774.520298 3674.716473 3895.656135 3669.065770 63.196615 0.125000 26.732790 
4975.022716 3089.860908 4634.936678 3091.450218 19.953050 0.125000 34.591483 
924.987670 3332.020717 1014.986129 3331.648251 24.875587 0.062500 0.662178 
3535.934244 3314.988757 3537.379631 3435.091708 21.322258 0.125000 6.651266 
5324.811356 1198.667142 5505.362407 1207.954974 28.193374 0.125000 15.209927 
1254.940023 2910.971563 1535.026822 2906.801494 23.868362 0.125000 29.904567 
4624.964657 2750.971521 4805.038530 2749.391674 30.612955 0.125000 5.551708 
725.022964 3100.450862 624.975034 3099.945826 20.201660 0.125000 5.301357 
5185.883510 640.762477 5365.193020 651.889539 28.703685 0.125000 6.761510 
1475.067591 3101.134691 1214.988984 3104.000191 12.753681 0.125000 10.719897 
3875.151719 1677.301148 3575.137245 1697.081628 10.636225 0.125000 11.980075 
4175.007119 3224.877272 3973.943476 3213.214964 29.810418 0.125000 5.551708 
634.983809 3051.051193 735.023129 3050.641018 20.327840 0.125000 2.228005 
2035.077131 2588.020037 1784.984864 2594.407347 25.099778 0.125000 18.631636 
2614.962352 2534.997043 2629.918756 2344.600847 19.366831 0.125000 15.210305 
2983.589567 2265.354141 2977.004085 2425.082627 30.386477 0.125000 19.172133 
2760.888096 2356.801888 2829.953727 2263.823429 63.990088 0.125000 8.268979 
3995.026989 1155.385368 4073.939602 1149.858803 31.323955 0.125000 2.105527 
6034.414574 610.237350 6105.794472 601.463312 24.730679 0.125000 1.688997 
678.034570 2297.656186 663.541288 2368.778346 44.999568 0.125000 2.673230 
3360.461408 2265.074636 3363.749474 2465.020565 91.138812 0.125000 76.096795 
427.600167 1586.561026 512.610874 1612.754028 28.226625 0.125000 1.348026 
3250.394843 3143.403547 3215.156027 3245.054089 25.069660 0.125000 6.447638 
4166.393022 1041.857010 3991.424973 1077.402296 48.844603 0.125000 33.547878 
4205.143749 2026.013416 4305.118168 2027.612603 21.117016 0.062500 2.925800 
995.018667 3388.115136 614.990971 3388.656031 20.526602 0.125000 48.455413 
5224.587588 2705.073695 5345.210319 2700.062137 36.644596 0.125000 3.443265 
2765.202277 1732.153287 2654.725067 1735.277304 33.097292 0.125000 17.944617 
4084.905970 2032.426823 4174.900937 2031.753787 30.447865 0.125000 5.576557 
5093.937810 2610.916484 5004.336856 2604.936945 29.933418 0.125000 2.181919 
4293.986358 1783.839840 4324.954773 2023.714816 32.313865 0.125000 36.159164 
4333.104066 2064.562791 4342.844815 2245.116271 31.033858 0.125000 10.365662 
1595.596929 1080.730509 1434.222949 1097.540314 24.451049 0.125000 23.363157 
235.008199 3155.362908 4.999858 3155.167213 10.195684 0.125000 7.107537 
3711.990264 1315.269326 3703.921145 1225.096541 18.137823 0.125000 0.785907 
3633.863701 1722.510419 3562.471973 1711.709111 24.662426 0.062500 0.662178 
2281.535149 2655.814565 2295.495156 2543.815281 22.320159 0.125000 1.489205 
1995.659267 2851.668203 1873.883574 2863.707832 24.935067 0.125000 2.477449 
2626.607670 3065.130253 2639.616673 2904.563846 31.517117 0.125000 5.830962 
3212.687510 3254.942015 3207.418850 3465.060652 20.745720 0.125000 21.786240 
4065.810009 1182.842170 4004.399396 1189.185201 22.976427 0.031250 9.515777 
1957.359797 1549.566965 1971.126311 1482.166313 49.196747 0.125000 4.926507 
2305.471826 1781.748755 2045.345021 1799.934999 33.202424 0.125000 15.731291 
4085.029220 3424.292042 4024.719224 3421.802856 31.624004 0.062500 1.119359 
4232.434618 685.399831 4210.657877 545.676748 20.402302 0.125000 7.319856 
1085.033704 2961.374595 1014.946795 2960.723015 20.185063 0.062500 4.699297 
1287.273421 3217.999097 1194.562756 3210.193049 43.179748 0.125000 0.378310 
1856.213628 1556.553385 1866.481044 1482.434633 58.060304 0.125000 2.992344 
2946.407147 1254.366267 3032.951421 1241.364229 26.041769 0.062500 0.522465 
4906.713189 2630.870822 4814.338829 2624.312175 38.483109 0.125000 0.150322 
2774.967658 3985.904227 704.754718 3911.857659 27.865985 0.125000 235.991389 
5884.886453 1159.760025 6125.022135 1157.970869 40.669426 0.125000 19.491604 
2308.037031 1682.707091 2463.586102 1621.411943 17.189042 0.125000 10.201795 
2659.354532 2955.195348 2654.429740 3064.974418 17.668857 0.125000 2.592087 
3593.767953 2325.023409 3590.725376 2164.891216 13.037713 0.125000 5.301357 
4195.645503 1172.568627 4105.448712 1180.261215 20.777438 0.125000 0.464982 
3720.849681 2474.665214 3744.335898 2885.038008 17.712755 0.125000 37.945468 
3195.015664 3544.569864 2984.930105 3536.919345 15.816109 0.125000 8.228056 
1796.096510 2694.827855 1694.020032 2706.216696 29.815002 0.125000 8.957216 
1416.736393 3383.681495 1294.999682 3394.996582 51.636376 0.125000 0.820681 
1683.785411 2804.880649 1765.016464 2814.866063 20.876260 0.125000 2.592087 
4104.575112 1146.670569 4184.367487 1142.600325 23.540124 0.125000 3.111025 
44.997069 3140.437684 245.003410 3140.309208 20.077079 0.125000 18.734942 
5725.282099 3078.056331 5325.036821 3086.704155 27.400848 0.125000 25.210111 
3995.729836 1716.537019 4064.474914 1683.894181 25.422737 0.125000 1.241680 
3285.032513 3703.755301 1405.009213 3654.647280 20.663438 0.125000 176.703522 
3359.624762 3503.848895 3319.207069 3341.463856 31.569787 0.125000 12.506780 
6195.078512 3441.191329 4334.968073 3430.615233 26.190134 0.125000 238.671415 
2575.635859 1321.746295 2464.898327 1318.718242 40.805080 0.125000 1.041245 
4291.895749 1075.163530 4201.194180 1047.460513 44.097582 0.125000 8.516425 
3915.262903 1698.744676 3645.189959 1717.705693 13.647775 0.125000 19.750797 
4604.820616 2947.802505 4805.194614 2942.808557 22.236177 0.125000 15.915068 
3675.941886 2137.589832 3623.988275 2141.476648 33.646631 0.125000 6.204447 
3342.638288 3036.704573 3412.748109 3133.842837 32.858230 0.125000 2.874775 
2234.766012 4002.095495 2715.562234 4017.950675 41.073903 0.125000 98.833287 
5314.865736 3026.224081 5615.254400 3021.628384 32.138122 0.125000 44.650886 
3034.021565 1155.642418 2953.780428 1148.265266 52.536554 0.125000 8.516425 
2005.709300 1227.890926 1840.908814 1268.325371 43.433036 0.125000 17.567974 
3615.247414 1227.350822 3515.302019 1237.869657 24.021927 0.125000 0.517008 
3044.942077 3786.956645 1324.969204 3736.040308 26.140160 0.125000 199.037378 
3065.672805 1502.640143 3354.966106 1585.118884 10.000000 0.125000 7.319856 
3694.868455 1116.458374 3504.612385 1099.297289 53.391241 0.125000 25.186354 
684.976487 2868.067293 785.047263 2868.834392 10.766241 0.031250 1.990027 
2216.249466 3016.449766 2076.315071 2996.000821 40.798737 0.125000 10.365662 
4253.979625 3284.036835 4264.811219 3385.020249 25.562925 0.125000 6.447638 
1154.379165 3572.482482 1295.651970 3537.643774 17.155745 0.125000 0.671000 
2495.615147 1197.642550 2394.395078 1202.567603 52.856881 0.125000 7.921229 
3224.895971 3619.867872 1604.994662 3585.249803 14.396262 0.125000 157.998973 
4395.112422 2824.389605 4283.377328 2803.810259 24.069762 0.125000 0.057377 
3625.185866 1929.480368 3485.008079 1924.760076 14.369424 0.125000 3.495177 
3713.219780 3774.291502 3721.923132 3875.265208 36.417201 0.125000 2.110602 
4655.015883 3353.057178 5034.990487 3356.163586 22.043090 0.125000 26.596861 
1965.055011 3005.008640 1946.180644 3125.185426 19.757809 0.125000 3.838170 
3015.542433 2925.010183 3012.724090 3075.144997 11.499741 0.031250 4.452009 
885.481721 3664.533988 1265.522032 3645.331788 24.915542 0.125000 24.802997 
5294.992279 2962.495276 5634.989048 2961.447218 21.047967 0.125000 33.727810 
4.965895 3328.739316 144.961740 3327.976682 20.489975 0.125000 11.622987 
3484.968940 2033.616636 3674.873206 2029.352799 14.037923 0.125000 10.201795 
3674.933049 2043.693727 3464.972067 2054.454997 16.129269 0.125000 15.235347 
3495.046959 1915.893779 3835.158895 1898.024252 15.250353 0.125000 10.366634 
6195.169843 2741.676119 5694.984761 2754.401000 27.955727 0.125000 44.308737 
3218.237590 3014.809899 3214.578090 3144.988139 19.430095 0.125000 5.765114 
3805.055763 1918.568643 3644.981092 1917.180715 11.386852 0.031250 0.285970 
1776.284546 2995.235824 1798.574672 2873.820402 17.865571 0.125000 2.971070 
2562.132932 601.510824 2412.515628 633.311361 26.651889 0.125000 7.091925 
3575.322217 2144.122569 3514.691441 2146.264097 30.334292 0.125000 4.398267 
3724.787130 2315.011537 3712.869718 2095.115452 10.000000 0.125000 6.204447 
3735.205070 1979.487864 3844.975872 1974.471966 12.728376 0.031250 5.000327 
5782.359984 1209.340024 5875.432658 1165.927582 41.086025 0.125000 3.154924 
2586.696887 1204.557138 2504.005480 1191.120405 32.819394 0.125000 5.576557 
3015.874222 2525.002939 3014.664010 2884.998870 10.134412 0.125000 18.847707 
4481.264576 3184.274389 4462.845118 3025.249595 19.867175 0.125000 6.387571 
2947.988935 2515.073755 2934.419373 3064.985673 11.970427 0.125000 29.418926 
2224.999830 3475.010993 3014.966109 3487.196997 15.551503 0.125000 69.698634 
2725.212645 1948.728120 2575.046219 1943.636791 11.349662 0.031250 0.875310 
5464.860223 3192.215695 5674.975091 3196.285879 20.770952 0.125000 10.965219 
2801.682038 2157.689867 2895.125781 2115.277120 25.638117 0.125000 0.671000 
1614.903818 3530.117647 3104.941330 3558.121719 18.078316 0.125000 144.931300 
3820.856949 3873.579350 3799.684069 3786.289422 40.948244 0.125000 1.833124 
4338.005100 2334.567389 4319.264356 2204.386108 15.597559 0.125000 4.398267 
463.020676 3193.518536 516.600120 3184.281813 31.262777 0.125000 0.464982 
3454.614109 3809.566890 3155.062905 3784.255545 29.051497 0.125000 26.356522 
4272.898454 2813.997385 4294.611471 2985.049319 19.994607 0.125000 6.572641 
5911.302256 1522.469760 5947.972342 1613.806659 19.114298 0.125000 0.464982 
94.655305 1254.861456 41.326545 1387.542835 20.556202 0.125000 0.283927 
367.001892 3745.571540 293.090754 4004.454911 23.356745 0.125000 6.594676 
1652.154567 2884.522718 1633.661203 2994.775435 24.687201 0.125000 5.518085 
4104.220262 499.728290 4034.271456 510.074404 25.637470 0.125000 0.785907 
365.364765 3647.740825 3.783879 3695.862133 28.455368 0.125000 43.623032 
1104.906378 1703.184908 1265.510690 1694.901018 17.397897 0.125000 2.477449 
1659.026655 3005.458811 1670.531295 2904.490820 25.531964 0.125000 2.181919 
3705.171458 3910.250697 2624.774487 3871.246604 28.681353 0.125000 116.775722 
3644.889844 3933.407526 3855.266673 3918.855173 27.168168 0.125000 11.936967 
6195.299500 2582.278103 6044.731454 2588.474101 23.683529 0.125000 9.180312 
2017.119208 670.828314 1951.279577 694.767973 26.483904 0.062500 1.119359 
2274.972361 3195.716731 2375.208927 3199.582092 14.977719 0.125000 0.785907 
4201.281007 2053.808099 4213.091785 2215.139697 34.782352 0.125000 9.881883 
3545.584004 487.471255 3401.798019 521.450585 25.128728 0.125000 4.484008 
4804.994576 3275.793509 5015.053120 3277.229474 11.366939 0.125000 5.301357 
122.734863 3206.272472 204.980895 3184.926389 45.908712 0.125000 0.462430 
2870.633276 2425.313429 2879.569740 2264.697867 29.398143 0.125000 0.662366 
3675.254562 777.390549 3475.391169 798.673401 11.647716 0.125000 3.994932 
3164.683359 2265.712148 3025.517910 2203.835186 27.412471 0.125000 3.154924 
3495.984765 3410.904756 3549.244293 3492.220093 61.150421 0.125000 0.460459 
4336.980973 3194.785812 4316.443934 3004.843878 19.884110 0.125000 14.152693 
2075.749627 2999.582740 2022.273219 3008.330206 31.220829 0.125000 0.785907 
1494.909444 3599.179587 3045.048418 3632.765300 19.629109 0.125000 140.160024 
3514.956395 1204.822281 3587.924404 1186.918788 43.613591 0.125000 1.873085 
3845.076592 2026.864937 3744.834975 2030.981788 13.684699 0.125000 0.785907 
2684.986727 3804.347348 2835.128001 3801.293864 12.641249 0.062500 4.699297 
4814.983069 2942.422120 4964.976599 2941.436986 30.721800 0.125000 2.561848 
54.876082 1393.564941 205.480126 1380.560199 17.344938 0.125000 9.313357 
2484.991898 3156.403219 2745.040968 3157.904755 20.923499 0.125000 23.576101 
1776.139060 2865.192791 1754.191779 2994.863205 19.872625 0.125000 6.651266 
3803.200809 3943.314898 3735.565378 4015.529527 34.642176 0.125000 2.345448 
3988.081179 3961.123231 3934.082231 3949.133376 30.378611 0.125000 1.688997 
3905.230777 3883.469590 3827.009444 3871.674265 29.664625 0.125000 7.107537 
4955.071735 2888.043809 4655.002725 2895.115644 15.416213 0.125000 25.807020 
2615.105611 3871.537038 854.912909 3817.855673 23.584573 0.125000 215.725923 
1334.868497 3669.733623 3114.883777 3719.183596 20.271018 0.125000 156.121196 
2893.664922 2834.941723 2905.447196 2565.019520 16.095761 0.125000 23.363157 
5614.990755 3148.491398 5334.992718 3147.750003 20.079365 0.125000 28.145654 
1415.941959 1953.464018 1334.722105 1962.502965 22.089425 0.125000 0.464982 
5495.000000 2815.000000 5275.000000 2815.000000 10.000000 0.125000 6.204447 
3034.594057 543.418701 2891.207825 580.228055 26.571266 0.125000 4.704194 
5865.052797 2689.256553 6195.126052 2685.162407 23.099161 0.125000 33.677490 
3609.695955 2164.903367 3612.991277 2325.041336 12.672459 0.125000 5.765114 
2165.336457 3196.247264 2265.188910 3200.085611 16.521712 0.062500 0.011730 
2663.901902 2273.574706 2630.403679 2534.409709 25.204222 0.125000 16.025731 
3136.621229 1167.406284 3036.896804 1146.115508 39.118414 0.125000 9.891733 
5045.229114 3046.104270 5135.169452 3048.420725 21.538185 0.125000 0.464982 
5605.096399 2916.939426 5285.036524 2919.523597 22.340738 0.125000 38.234485 
5138.447631 3046.329105 5109.986243 2906.017008 19.600822 0.125000 0.860447 
5374.986433 3302.441114 5705.003568 3303.042804 20.401072 0.125000 14.238417 
2006.153415 695.196103 1984.109944 824.848673 14.688627 0.125000 0.464982 
2767.393622 2525.108214 2742.989705 3064.909116 14.506094 0.125000 31.168634 
4105.796619 551.278338 4034.408260 560.336356 22.358413 0.031250 1.674919 
2844.769817 3803.692423 3225.032780 3813.762135 28.665905 0.125000 37.707238 
4754.963939 2870.541054 4954.950860 2868.923713 21.616740 0.125000 21.556977 
6194.998587 2805.920989 5984.999081 2805.598708 10.260882 0.125000 4.398267 
1104.786051 3751.727520 2675.106001 3801.666855 21.897051 0.125000 187.576353 
2358.487165 2874.947481 2295.642763 2853.147095 28.727455 0.062500 2.925800 
4436.693744 3034.707601 4464.384130 3195.106320 19.708473 0.125000 3.476759 
5344.730068 3191.791018 5455.023084 3193.564083 30.799818 0.125000 0.791837 
2122.555634 3250.210058 2235.402596 3239.082994 39.806955 0.125000 2.150049 
493.421422 3799.882232 635.010203 3785.097714 30.876317 0.125000 0.708316 
4293.676359 3005.155885 4317.181735 3204.743057 21.032345 0.125000 17.635086 
3535.146958 3613.268385 3635.274465 3621.765957 16.545821 0.062500 1.141069 
6195.104732 2644.754653 5915.029652 2647.761721 19.998847 0.125000 8.841683 
2185.163409 2822.289739 2064.997311 2815.044599 20.565581 0.062500 1.125987 
3184.964494 3476.317167 2814.963793 3466.343162 15.655224 0.125000 32.014068 
3004.950504 3767.002794 3275.032686 3773.677399 14.196916 0.125000 19.380843 
5674.620814 2785.356841 5875.097272 2777.473759 19.984556 0.125000 15.892269 
2425.563221 2042.387247 2345.267547 2048.509173 22.222773 0.125000 0.464982 
2584.972248 1933.922343 2735.387540 1930.048817 14.735935 0.125000 0.517008 
2524.944911 3200.598189 2915.005544 3204.436566 13.148311 0.125000 29.684787 
4195.002136 436.023540 4005.002963 436.419955 20.271189 0.125000 10.659384 
984.939692 3846.841415 2275.193292 3889.098088 23.764631 0.125000 209.011995 
2845.088068 2476.679836 2744.887597 2475.619231 40.844499 0.125000 5.190146 
2704.664505 4022.263031 2904.238672 4031.481780 32.275190 0.125000 13.703354 
2984.999091 3915.088843 3264.867487 3917.952156 22.556551 0.125000 9.886177 
5024.975309 3298.958486 4684.988537 3296.837847 12.058113 0.125000 16.138437 
6044.686792 2628.061420 6195.282735 2621.263502 15.881539 0.125000 3.994932 
825.541981 4032.595553 463.815972 4058.406526 39.197084 0.125000 34.369092 
3724.993949 4023.381489 3614.920714 4023.793019 39.962334 0.125000 2.561848 
5384.983874 3367.888137 5725.029108 3369.786783 20.223025 0.125000 45.061741 
6195.040084 2910.644753 6024.977648 2911.852390 20.141515 0.125000 17.944617 
2797.628081 2565.117076 2785.159475 2845.007104 11.325215 0.125000 13.429167 
3294.566953 2285.005514 3298.258698 2574.958510 18.852572 0.125000 23.756466 
1074.922344 3190.340022 1195.222226 3188.335288 19.997224 0.125000 3.838170 
5334.997696 3130.618056 5665.001742 3130.753412 10.131252 0.125000 16.138437 
2284.851379 3887.717298 2514.710704 3900.289317 24.493950 0.125000 19.184393 
4099.288020 1184.527402 4112.594942 1305.265070 20.975127 0.125000 2.181919 
6034.940373 2850.396816 6195.043043 2848.322930 20.904990 0.125000 11.695534 
714.494048 3832.471123 975.329451 3850.135170 27.228792 0.125000 18.079257 
2093.155889 684.737800 2074.642141 814.949119 14.170193 0.125000 1.345958 
5728.449923 3036.722761 5693.882321 2905.293965 26.973068 0.125000 1.350622 
4211.848375 2224.216295 4224.661477 2336.183106 18.733369 0.031250 6.665477 
1175.187080 3627.712578 954.855740 3642.908295 23.048493 0.125000 2.877926 
1934.877887 2142.393200 1674.979758 2154.567878 14.200392 0.125000 17.041527 
3655.343570 498.709408 3554.551898 493.204522 22.696997 0.125000 0.517008 
2865.526030 1257.382268 2926.947496 1243.819764 36.215290 0.125000 0.412161 
6195.069008 415.655059 4554.315493 588.502316 23.564617 0.125000 230.061010 
184.990138 3546.489630 405.001431 3546.234666 30.104278 0.125000 26.853545 
3745.064354 4024.864182 3850.374316 4074.762471 21.882558 0.125000 0.517008 
6035.009825 2953.768200 6194.999647 2955.044252 10.478216 0.062500 0.264090 
1675.117733 2137.729806 1935.065494 2126.518564 14.299589 0.125000 18.847707 
5014.966685 3221.288453 4814.982798 3223.083510 11.435701 0.125000 2.228005 
524.533439 3936.808075 2225.434076 4004.014064 29.035982 0.125000 242.557454 
2974.972032 3537.415338 2334.942055 3530.004088 16.756607 0.125000 42.540501 
4139.199257 3518.901184 4234.802960 3484.453156 71.111726 0.125000 21.516817 
435.156181 3968.636444 314.983138 3965.687027 22.202192 0.125000 5.576557 
555.162833 1937.373236 415.135908 1946.980810 12.714600 0.125000 1.688997 
3373.328611 3693.601863 3563.905667 3730.632025 28.890229 0.125000 8.841683 
3584.995738 3151.962351 3704.995502 3151.793996 10.168345 0.031250 3.495177 
3231.162761 2304.577465 3242.316554 2995.204841 49.334413 0.125000 114.360389 
5585.033493 3258.275098 5364.989147 3257.179178 20.497791 0.125000 19.380843 
2124.914353 3527.604339 1675.071995 3512.810783 16.702362 0.125000 29.378276 
2885.107315 2087.049326 2684.609799 2097.548580 16.834973 0.125000 13.760039 
3968.491072 3675.305859 3959.069584 3474.808768 31.844487 0.125000 26.853545 
5884.965884 2790.770491 6195.026372 2788.269508 21.693178 0.125000 36.073090 
4984.902671 2875.890601 5184.986674 2873.752805 21.708280 0.125000 9.329195 
6195.038679 3081.409863 6074.982707 3082.134324 10.723928 0.062500 1.086937 
255.878017 3969.345402 113.604341 3998.092728 23.564903 0.125000 11.550185 
4185.005992 2994.746793 4284.950027 2997.111816 21.177245 0.125000 3.111025 
2534.886673 3902.205303 2654.689672 3897.347192 27.544313 0.125000 0.860447 
6054.990575 3016.140057 6195.001054 3015.991114 5.148926 0.062500 1.141069 
22.281797 1877.868809 86.252758 1715.493549 25.377914 0.125000 8.100730 
1744.236495 3234.899732 1765.401018 3073.739405 18.527656 0.125000 10.201795 
2384.952199 3197.987158 2515.078899 3200.069454 21.117441 0.125000 0.671000 
555.349313 3544.493551 654.906788 3547.803583 22.979573 0.125000 5.765114 
5635.038105 2978.624720 5304.969457 2982.094612 23.362753 0.125000 40.903746 
6195.116959 2975.689764 6045.025514 2977.331943 6.312266 0.062500 0.264090 
3026.438643 3015.029923 3036.630360 2525.033911 15.404562 0.125000 40.652729 
2772.666557 2774.926111 2780.268599 2534.850179 11.893948 0.125000 9.313357 
3248.894031 3014.942274 3250.674732 3135.064118 11.777600 0.125000 4.879650 
4935.085693 2817.506015 4804.895974 2821.957868 13.753424 0.125000 2.971070 
5607.423159 3024.019208 5716.523805 3048.094721 26.130971 0.125000 5.542173 
6175.022104 2485.729723 5954.921148 2492.396857 15.445341 0.125000 10.659384 
194.979527 1404.730616 45.085300 1416.122383 16.033659 0.125000 7.107537 
3564.772533 3730.472266 3704.921195 3723.431389 32.470980 0.125000 6.223505 
4304.861635 2992.913455 4434.996698 2995.188830 21.745148 0.125000 5.623926 
2745.000000 3405.000000 2245.000000 3405.000000 10.000000 0.125000 31.490967 
5715.003299 3322.116981 5374.992301 3321.727904 20.308950 0.125000 45.958595 
1094.494186 3454.917682 1074.694729 3576.577760 26.397821 0.125000 8.083819 
1920.271329 3134.405840 1934.188912 3023.641582 31.012649 0.125000 5.093124 
2817.132146 1649.888876 2665.453280 1716.039342 13.648249 0.125000 2.105527 
3075.552739 2458.999665 2976.070708 2472.747726 33.824427 0.125000 6.572641 
3875.841442 3214.871564 3898.671158 3364.439643 16.753211 0.125000 2.955763 
4416.742157 2834.764422 4434.364482 2965.085936 17.139573 0.125000 5.765114 
144.747550 1962.329292 24.873381 1973.660478 13.719869 0.062500 2.317280 
3248.722979 3559.300471 3322.372457 3666.800165 20.466490 0.125000 5.518085 
3625.113445 3704.375512 3515.110400 3684.392272 21.465298 0.125000 1.257654 
1741.402570 3094.474659 1723.826991 3214.828703 17.120032 0.125000 5.301357 
1885.070214 3343.699908 2134.881650 3357.191398 21.049459 0.125000 8.293245 
3656.659251 2886.868023 3643.246558 2755.178590 28.832329 0.125000 0.462430 
3245.050551 4003.534429 3074.908051 3997.665773 15.509592 0.125000 14.332257 
4333.236212 3225.210532 4351.170167 3375.457142 13.485177 0.125000 1.241680 
6084.668294 3124.935611 6195.212793 3128.626201 19.321524 0.125000 3.111025 
1949.351814 3170.889515 1828.715674 3260.028597 15.514069 0.125000 2.105587 
5188.108910 2885.401155 5263.444944 2909.801277 22.377862 0.125000 1.688997 
2636.935771 2335.526938 2650.987102 2283.907646 22.781581 0.015625 1.057453 
2315.000000 3525.000000 2155.000000 3525.000000 10.000000 0.125000 0.785907 
4043.835691 716.759893 4115.236132 706.671164 21.202371 0.125000 0.785907 
2244.872052 3240.396403 2455.227996 3245.383919 23.312833 0.125000 17.578113 
5052.665020 3235.532377 5031.676493 3143.477754 20.864594 0.125000 2.228005 
1754.703986 3461.059426 1885.369190 3467.442649 15.096822 0.125000 0.785907 
3513.953809 1124.939649 3514.358662 1185.004323 35.268697 0.031250 0.200483 
3923.529622 2943.011662 3862.952438 2683.146209 19.181458 0.125000 5.830962 
5684.379241 3990.473890 5444.067632 3963.221670 18.540792 0.125000 9.504196 
94.429270 4037.744560 466.062807 4008.511007 49.287224 0.125000 66.576340 
1245.008358 2825.210179 1154.753415 2828.799458 20.381572 0.125000 0.464982 
4683.337965 3618.410231 4759.797735 3655.674219 22.132409 0.062500 1.119359 
5674.045585 2880.036876 5795.329566 2856.713801 19.262146 0.125000 5.765114 
843.170208 3806.781046 874.119294 3664.808013 18.290170 0.125000 6.447638 
1766.342408 4078.849418 1354.348051 4057.700199 44.827765 0.125000 66.576340 
1075.118975 4040.381585 994.914591 4038.315441 12.056879 0.062500 1.086937 
1354.816141 2432.746518 1475.643601 2422.888357 22.373320 0.125000 1.489205 
1639.550924 3355.746923 1662.712703 3214.624596 19.585497 0.125000 6.375660 
3400.850948 3237.947981 3369.622498 3405.859699 35.668742 0.125000 10.922102 
4253.030594 3476.572562 4354.499953 3452.860210 44.137042 0.125000 9.114004 
1614.880601 2441.763358 1894.868477 2431.434686 18.143174 0.125000 28.042570 
2205.000000 3415.000000 2575.000000 3415.000000 10.000000 0.125000 19.750797 
5695.065337 3256.370469 5584.363455 3261.648145 19.977310 0.125000 0.412161 
2795.000000 3465.000000 2595.000000 3465.000000 10.000000 0.125000 2.228005 
2915.000000 2545.000000 2915.000000 2775.000000 10.000000 0.125000 4.879650 
3053.202167 2564.942805 3044.293316 2844.977518 16.036429 0.125000 26.254067 
2919.836215 3064.859873 2934.215279 2534.978706 15.109887 0.125000 40.406448 
3405.113192 2799.554730 3314.920380 2801.796161 12.232862 0.062500 1.141069 
4276.762686 3935.675168 4664.258242 4008.923992 26.302004 0.125000 23.556820 
34.436335 3534.633600 124.713168 3529.724865 37.640952 0.125000 5.093124 
82.498115 3722.905969 205.508660 3697.458846 45.584383 0.125000 4.508447 
2715.036876 3249.411365 2915.028169 3250.731001 20.659397 0.125000 16.971516 
5021.970189 2925.551196 5043.422067 3043.467823 19.677031 0.125000 1.257654 
1346.279693 4056.177329 1084.768977 4038.398058 31.768251 0.125000 17.309228 
1654.751574 2378.787061 1905.150936 2368.774784 18.385899 0.125000 23.151896 
3002.985565 1601.630077 3205.553891 1663.176987 16.595845 0.125000 10.640236 
3704.886201 2422.785208 3494.926690 2433.573221 11.526237 0.125000 7.107537 
5176.929325 3236.675477 5145.009996 3082.921919 19.954565 0.125000 5.542173 
3065.185670 4001.340905 2864.687064 3991.167195 27.934379 0.125000 14.310054 
4575.484905 1371.688424 4394.983659 1384.774606 14.312383 0.125000 8.010627 
2535.095769 4100.785938 2364.956381 4096.919330 13.405457 0.125000 10.719897 
2784.996668 3155.094157 2925.175001 3160.055453 19.987485 0.125000 3.134984 
2987.177477 2495.067327 2974.811821 2894.994182 19.372346 0.125000 25.298223 
4453.628919 3880.093854 4175.019457 3854.785799 30.781636 0.125000 26.128312 
3374.993584 3929.801758 3625.006499 3930.135817 10.320671 0.125000 15.768339 
4994.902091 3684.885187 5134.985763 3683.529217 21.257367 0.125000 11.695534 
2800.904836 2845.250919 2812.817690 2564.907265 12.538310 0.125000 17.944617 
5805.592242 2852.355465 6004.570787 2896.916565 28.106346 0.125000 11.641949 
501.533317 3363.775893 432.089572 3560.441249 16.096182 0.125000 3.476759 
3604.988112 4014.150326 3324.763150 4018.070870 31.955571 0.125000 18.049116 
3394.737633 4050.683333 3605.212367 4060.399749 16.289509 0.125000 3.476759 
6104.900447 3189.485132 6195.033645 3190.104597 20.618063 0.125000 3.495177 
985.087378 4039.055905 834.825849 4036.847078 41.024560 0.125000 10.167418 
2184.520823 3153.996767 2284.961400 3156.530291 29.738300 0.125000 3.962115 
3035.181124 4120.786042 2584.723862 4101.424507 19.552128 0.125000 42.123388 
5337.471230 3394.472251 5271.102855 3083.696691 14.719090 0.125000 21.129279 
2966.567842 2209.709065 2876.557269 2239.677307 28.475001 0.062500 1.711795 
3956.758732 3485.025310 3958.773049 3345.054298 30.860262 0.125000 5.190146 
1895.917714 4100.154979 1784.241958 4079.002040 33.197993 0.125000 10.659384 
2334.997157 3465.111542 1835.066999 3452.370995 14.327739 0.125000 36.671653 
2314.809896 3291.320870 2514.929636 3297.339584 25.101496 0.125000 23.417129 
193.288762 3402.236753 89.675831 3466.402720 46.565269 0.125000 3.799725 
3854.775625 1952.790759 3725.097611 1965.961100 11.969663 0.062500 2.317280 
954.806257 1912.260577 814.799315 1922.162417 12.091515 0.125000 1.688997 
2364.067655 2374.909457 2380.609570 2204.573630 19.227058 0.125000 7.234825 
2889.613722 3015.117097 2891.902909 2924.921395 12.026545 0.015625 6.184573 
224.757727 1312.663765 95.114902 1326.108004 12.009639 0.031250 4.452009 
1625.461200 899.234064 5.080132 1075.735658 22.153433 0.125000 202.540402 
24.745635 1482.008168 165.429120 1470.047306 13.998123 0.125000 3.111025 
2575.690711 1606.657429 2786.573189 1518.775023 10.767677 0.125000 4.706702 
4314.263199 2956.637422 4294.206221 2825.121056 21.279025 0.031250 6.860480 
2614.983110 3415.688106 3054.963492 3426.487395 15.395249 0.125000 28.509018 
1043.365925 3564.595710 1082.975755 3404.499177 24.418993 0.125000 3.642900 
4434.816461 143.525347 1674.021877 487.141238 25.723757 0.125000 352.993355 
3206.429515 3484.234990 3242.521753 3551.677776 36.507200 0.125000 2.310611 
4582.471439 3681.413272 4670.847706 3619.110030 23.047570 0.125000 0.517008 
84.716367 1312.350827 235.133451 1296.246448 13.136866 0.125000 0.379692 
85.079515 3846.104453 234.306038 3835.360933 26.332110 0.125000 9.891733 
1895.229924 2396.875829 1644.936530 2401.721684 20.189823 0.125000 28.937084 
2684.854770 2077.451589 2864.980491 2073.986004 10.000000 0.062500 0.662178 
2935.087934 2516.268216 2795.067729 2525.976812 14.818020 0.125000 4.398267 
6037.202862 1467.999490 6013.229526 1405.681086 22.256845 0.062500 0.264090 
2885.734178 2575.006929 2883.374079 2825.079032 10.093927 0.125000 8.913717 
3614.331151 2525.032309 3628.330500 2814.839118 12.400830 0.125000 11.695534 
2355.031634 4095.905669 2195.575468 4101.475323 43.466399 0.125000 16.333629 
3319.862322 2445.016492 3320.506737 2255.018677 10.576528 0.125000 8.095321 
3475.001982 2415.369320 3695.049302 2414.188641 10.000000 0.125000 2.105527 
4155.395685 3881.488312 4044.549458 3868.998547 24.352955 0.125000 0.671000 
5860.552533 3036.191973 5822.864812 2895.572255 11.729462 0.062500 0.662178 
2055.000000 3395.000000 1885.000000 3395.000000 10.000000 0.125000 1.688997 
2455.000111 3354.983930 2754.985753 3357.059353 11.314226 0.125000 11.622987 
5435.854450 3958.926993 5255.209508 3933.510918 21.198177 0.125000 3.379420 
1954.443524 660.685536 2094.690020 642.596667 10.881326 0.062500 0.264090 
3991.329816 3855.378864 3973.755296 3685.128488 26.055197 0.125000 1.426762 
3586.055261 2498.619957 3534.337204 2495.288094 32.509550 0.125000 0.785907 
5874.743596 3630.556457 5955.053224 3625.922377 21.694992 0.125000 0.785907 
6102.929434 3395.654476 6001.886293 3075.984198 19.563407 0.125000 26.853545 
6114.952578 3640.588118 6195.050811 3639.727162 10.751791 0.062500 2.291057 
3643.126381 2735.068059 3635.495055 2524.982017 15.438533 0.125000 14.330603 
5774.710688 3042.398001 5855.369468 3045.552301 22.720104 0.125000 2.105527 
34.978146 3637.443208 284.958146 3639.679213 11.609588 0.125000 7.234772 
864.783103 3652.450708 704.918579 3647.796912 14.069562 0.125000 9.313357 
1363.105828 3584.556898 1195.008422 3615.046435 22.379641 0.125000 0.150322 
2905.000000 2885.000000 2905.000000 3055.000000 10.000000 0.125000 1.688997 
4675.070438 275.539789 4525.015761 295.120780 17.679651 0.125000 5.576557 
4724.769760 113.350764 4534.293875 139.941943 18.199741 0.125000 6.458283 
804.998391 2634.439219 634.999791 2634.927127 10.172162 0.125000 1.688997 
1326.106532 3487.155651 1278.408382 3511.639918 31.492750 0.125000 0.785907 
3852.102090 2762.934924 3904.258413 2942.307930 21.110412 0.125000 0.051693 
5051.513758 3085.698059 5081.547304 3235.691342 19.610736 0.125000 5.542173 
2674.619480 2614.981703 2686.156282 2375.055600 15.271684 0.125000 15.541496 
4695.289367 197.183472 4535.446202 218.366893 15.885320 0.125000 4.706702 
650.532821 3547.672269 720.942898 3504.748426 37.897976 0.125000 4.791819 
944.978393 3803.703897 1204.906158 3799.370770 22.164086 0.125000 3.132181 
4533.890161 122.446437 4632.624436 79.534202 18.342468 0.125000 0.379692 
645.044242 3635.545706 945.501577 3611.186738 23.704629 0.125000 18.853843 
3695.000000 2975.000000 3525.000000 2975.000000 10.000000 0.125000 1.688997 
2594.752655 2344.988411 2607.397634 2075.112341 14.201349 0.125000 18.847707 
5095.105480 3720.483779 4884.986541 3715.576258 13.733201 0.125000 7.234825 
5243.709992 2938.308309 5155.434030 2903.886902 17.051654 0.062500 0.264090 
5956.428418 3394.624065 5872.483090 3075.662408 12.725806 0.125000 16.763293 
4611.482113 40.397559 4532.036087 101.122322 14.017662 0.015625 5.999903 
3282.486851 2745.039670 3280.590657 2624.911753 30.943233 0.125000 1.350622 
3735.496685 3474.036731 3745.673981 3584.938149 58.835090 0.125000 5.499154 
5779.778414 3226.378206 5740.160215 3076.277432 13.694372 0.125000 4.398267 
5908.857950 3084.049014 5988.375053 3406.633052 16.753542 0.125000 15.522849 
3277.286809 2615.132540 3271.612027 2284.886382 16.045428 0.125000 15.752450 
434.874435 4061.590368 314.669192 4066.017101 29.611663 0.125000 0.150322 
5831.459410 3395.896013 5793.376301 3245.410908 10.000000 0.062500 4.699297 
1295.000000 3815.000000 1485.000000 3815.000000 10.000000 0.125000 3.495177 
