6080.057916 1573.249912 6146.255065 1764.565735 28.350844 0.125000 15.705597 
5688.163475 2064.123120 5746.500886 2274.583971 32.731279 0.125000 16.801325 
5818.747339 2276.704413 5763.850159 2075.313435 31.573864 0.125000 20.725688 
6173.282924 1572.450823 6198.369365 1653.963034 25.731325 0.015625 2.918764 
5889.338158 2536.524414 5825.031913 2297.683841 29.711647 0.125000 12.287389 
5793.216910 2092.594517 5846.488185 2274.564337 28.791618 0.125000 16.990897 
5756.170444 2069.251841 5694.648803 2056.724762 28.387301 0.062500 1.119359 
6118.086373 1764.021562 6052.112813 1555.915292 29.063927 0.125000 17.703125 
5718.108104 2266.866641 5666.063786 2074.711878 28.151864 0.125000 19.338304 
5756.180518 2312.260462 5803.497294 2505.368205 29.331216 0.125000 11.131866 
6202.982674 1742.452374 6146.224963 1564.609060 28.174298 0.125000 14.542275 
6024.728209 1225.090106 5955.070367 1014.976671 25.329085 0.125000 14.102071 
1947.810928 1075.444411 1889.520681 1444.133713 26.547473 0.125000 47.255839 
1514.062787 454.779798 1339.875984 1196.145631 37.824162 0.125000 147.552942 
6040.296841 1526.602369 6016.848114 1457.777353 25.172142 0.015625 2.876732 
5780.843800 2516.067784 5757.295721 2424.410198 21.859257 0.125000 1.241680 
5852.747124 2302.980440 5894.984283 2465.004097 22.289348 0.125000 10.659384 
2770.806949 815.321663 2789.644083 475.257249 33.301807 0.125000 53.304042 
5431.024074 1213.457324 5380.497392 1016.153051 21.855590 0.125000 14.081736 
5758.632869 2416.649432 5727.614685 2296.913197 22.219262 0.015625 1.435516 
5552.492901 1562.937694 5605.330087 1754.909149 26.536676 0.125000 17.682376 
5132.675165 2073.397576 5151.933621 2165.640200 25.709070 0.125000 0.517008 
3072.534382 464.955744 3066.071445 825.019232 25.508532 0.125000 41.259791 
1354.216368 2933.575920 1368.665317 2824.163445 36.287914 0.125000 8.358173 
4414.880358 793.576434 4367.487293 464.641630 31.119456 0.125000 41.332130 
2554.004160 484.910634 2523.497032 824.865125 28.986132 0.125000 41.030725 
5248.970706 2276.287468 5205.945593 2074.798082 29.338575 0.125000 16.112631 
3615.005602 2874.789445 3434.867058 2869.996556 23.716542 0.125000 14.927501 
5148.153330 2266.395953 5108.965173 2074.191549 25.780636 0.125000 23.576101 
3044.888114 1468.822244 4544.951718 1480.964702 26.717667 0.125000 259.491107 
5936.384204 1224.550724 5871.937955 1025.993858 23.110117 0.125000 21.839942 
3060.583194 1074.936934 3055.584661 1425.008348 29.996942 0.125000 30.679762 
4179.028303 1085.710859 4221.981861 1446.549654 36.173469 0.125000 67.632268 
2042.286498 474.569053 1986.838382 823.703806 29.801509 0.125000 49.825698 
2270.536737 615.795483 2277.712156 475.650864 33.925011 0.125000 2.561848 
5405.993766 1034.722947 5453.576184 1205.396947 23.993781 0.125000 11.562812 
827.197246 2015.586969 699.518771 2493.535753 30.308264 0.125000 66.282943 
1785.801572 1776.807419 1585.759730 1757.235072 30.616344 0.125000 28.559191 
5520.079092 1213.591435 5465.718353 1017.574043 21.944999 0.125000 18.507614 
1318.300259 3105.678952 1339.255757 3003.818254 47.239762 0.125000 3.197926 
5645.378658 1564.890834 5700.556044 1756.281182 23.633176 0.125000 19.172133 
2001.554213 1985.961249 1864.068699 2923.396801 34.562685 0.125000 138.073581 
1672.542942 2784.710542 1610.001801 3315.589246 31.535444 0.125000 59.399458 
3306.371882 824.982212 3301.962495 484.909724 23.758149 0.125000 57.213148 
584.966677 1749.737779 1015.015737 1752.762502 30.421254 0.125000 31.973844 
3589.727780 465.264531 3607.795429 825.361485 30.929700 0.125000 53.304042 
3846.053129 824.917607 3819.492825 485.430863 25.398951 0.125000 39.602471 
6125.685164 1461.219433 6042.965146 1446.227831 47.415273 0.125000 2.110602 
5231.033565 2083.598617 5274.952422 2272.688405 25.577664 0.125000 16.662933 
5153.993856 2172.868883 5177.492661 2272.039833 45.839291 0.125000 0.671416 
1342.974570 1204.497283 1288.056850 1425.758719 39.170905 0.125000 24.764093 
2349.756810 1735.462109 2336.283397 1874.153209 28.892514 0.125000 11.504723 
5934.625998 1145.137743 5956.473163 1204.457441 24.079241 0.062500 1.141069 
5897.168504 1034.278576 5933.106407 1142.303139 22.171130 0.125000 3.838170 
1265.014774 1461.667008 2584.988838 1467.518150 23.678967 0.125000 258.503431 
3619.494373 1075.273982 3637.414590 1435.377481 31.453999 0.125000 58.223501 
3594.994616 2337.681918 3404.995382 2337.300471 20.160569 0.125000 18.847707 
3825.558910 3179.328211 3575.035369 3154.641076 29.710314 0.125000 27.386151 
4325.144689 2368.313436 3975.092208 2360.738755 34.103370 0.125000 55.697775 
5004.983837 1781.492699 5565.005261 1782.886850 11.394063 0.125000 36.006417 
5305.095132 2534.980087 5255.287544 2297.033032 27.771004 0.125000 9.070224 
5282.057557 2303.609116 5327.559998 2534.495483 27.356886 0.125000 26.084417 
5519.244196 1526.602300 5499.720679 1456.469657 21.949187 0.125000 0.785907 
4855.069156 2546.722947 4684.997477 2545.301969 21.168985 0.125000 14.152693 
2545.004621 875.816561 2164.903619 877.967407 19.943095 0.125000 37.880400 
3635.056609 1444.585895 3315.011708 1442.846187 21.684786 0.125000 21.302705 
4911.518246 1013.568969 4953.612337 1205.304651 25.732241 0.125000 10.130842 
198.823200 887.709408 136.306392 975.925808 39.445986 0.125000 1.512646 
3860.266419 3555.331947 3834.299981 3185.049089 22.931091 0.125000 42.941202 
5188.729468 2456.298951 5155.714588 2296.923488 26.019715 0.125000 14.900327 
3764.976730 2398.803567 4695.003100 2404.493330 26.512329 0.125000 116.682396 
3871.220690 1194.794531 3867.261410 1074.925306 23.290299 0.125000 2.105587 
1271.653240 1488.816109 1080.288146 2323.920273 39.802308 0.125000 136.513120 
2505.035761 1055.003190 2470.282287 1444.579140 29.695007 0.125000 40.516326 
4107.887553 475.866752 4150.501179 825.548245 35.579119 0.125000 66.683373 
2995.195804 1709.758199 3154.925319 1703.185197 17.507669 0.031250 4.643285 
2154.937893 852.578469 2534.968480 853.921167 29.893819 0.125000 30.546462 
3253.490162 1764.888865 3254.408010 1835.007749 20.652725 0.062500 0.264090 
1925.000148 876.757411 1614.998468 876.783489 30.020190 0.125000 36.955233 
5017.063120 1204.543761 4999.730480 1126.165304 20.979749 0.062500 2.317280 
1644.999379 853.058316 2004.999342 852.943178 10.108742 0.125000 14.650592 
4928.460390 1204.408085 4914.880774 1125.020394 19.713672 0.062500 4.699297 
3075.005549 877.219618 2734.998590 876.977129 20.106973 0.125000 45.958595 
3555.001262 1977.022655 3435.001309 1977.097531 10.062395 0.015625 1.688061 
5558.886303 1666.811209 5528.423796 1563.985686 23.790658 0.125000 2.955763 
5754.987085 2278.449538 5805.023824 2278.636878 20.149621 0.007812 0.082654 
5641.010697 1646.034734 5620.307810 1566.217047 51.272222 0.031250 2.441715 
2254.899083 1653.638038 2544.976319 1657.026961 31.983898 0.125000 37.254150 
1011.901017 2614.284351 948.656314 2888.153656 31.440002 0.125000 19.832098 
1044.947224 2369.431878 1934.940098 2380.030227 23.808985 0.125000 136.072473 
3165.224235 1668.118755 3265.073787 1669.445062 30.130173 0.031250 6.437851 
5574.971064 1781.303336 6195.049809 1784.149893 41.698097 0.125000 80.326385 
1020.332516 1367.975552 960.525197 1492.856959 36.836949 0.125000 6.761510 
5180.400247 2293.956958 5226.886642 2534.635600 28.782749 0.125000 16.036870 
4028.453251 3174.726091 4000.677512 2824.549664 27.223412 0.125000 45.581147 
5196.443234 2067.555370 5133.011301 2055.258302 41.172082 0.125000 3.808005 
4145.056997 836.184753 3845.069538 834.245108 21.680643 0.125000 59.420780 
947.390234 2895.557026 847.192683 3325.510988 47.171151 0.125000 65.373269 
5029.700860 1564.047738 5066.697415 1746.681871 37.470400 0.125000 11.243750 
5907.663309 2067.009141 5981.327599 2336.005681 56.029201 0.125000 35.144903 
2744.039046 1481.342078 2856.767423 1451.727790 24.425315 0.125000 0.860447 
3078.726221 1657.951723 2967.515243 1599.157678 37.390103 0.125000 8.030822 
5119.834479 1563.905099 5161.050964 1745.894368 24.297196 0.125000 19.241301 
4265.391395 1796.175982 4335.156337 2366.204751 40.533249 0.125000 131.921568 
5153.323621 1472.227021 5004.378857 1437.677802 36.002912 0.125000 6.439914 
2724.901826 853.706142 3084.944392 855.595717 29.894624 0.125000 64.654851 
5614.923472 2583.629972 5715.726120 2577.999292 29.953307 0.125000 0.283927 
3855.060263 3194.995646 3882.527948 3575.178602 24.386156 0.125000 30.296111 
4215.084570 1448.950927 4084.930153 1451.736880 12.565719 0.125000 2.971070 
4.911527 1745.351819 575.040814 1750.224469 22.563147 0.125000 97.176416 
3186.727826 1500.132633 3493.561304 1609.052874 22.193000 0.125000 25.605651 
2474.871839 3025.017642 2455.400400 2883.568316 29.719737 0.125000 5.968878 
375.726753 3115.197445 329.278842 3286.162479 23.707046 0.125000 9.330496 
5956.087692 954.626609 6042.349988 1205.909715 20.893500 0.125000 25.192959 
602.707561 2854.413331 541.375249 3094.072372 29.751001 0.125000 17.072053 
4725.703196 2526.473336 4687.375413 2284.623550 24.449210 0.125000 21.104019 
5673.245425 1765.448006 5643.256338 1647.998582 50.919675 0.125000 4.815032 
3844.997584 861.394997 4184.997536 861.523430 10.128433 0.125000 13.760039 
5581.232114 1763.161452 5554.404901 1672.225442 41.194876 0.125000 2.874775 
2862.687773 1451.408317 3395.486750 1643.650976 28.511046 0.125000 50.778921 
1602.146893 1764.186993 1513.071291 1787.690374 33.573760 0.125000 3.290876 
4.909767 2526.463064 815.017003 2532.839917 21.967223 0.125000 129.579379 
4999.105973 1116.210177 4980.565410 1025.910522 17.840728 0.125000 0.785907 
4684.921076 2571.698927 5605.028991 2582.539314 22.236970 0.125000 142.678528 
1045.003352 1236.549834 764.983033 1237.155500 10.583968 0.125000 10.719897 
4682.341590 2255.425214 4653.270917 2073.677064 26.066672 0.125000 17.460194 
3331.532314 2475.285984 3340.746751 2264.813793 22.167757 0.125000 24.921606 
3306.497500 1434.997783 3305.949643 1064.998594 40.503393 0.125000 36.447157 
1741.388518 656.138262 1764.761396 524.957487 17.935802 0.125000 8.010627 
4910.467025 1105.951287 4893.542819 1025.305803 17.519770 0.062500 3.495177 
3620.494720 1995.171441 3656.256465 2934.952187 29.323856 0.125000 195.340820 
4086.539373 1444.871198 4078.160872 1344.735525 21.597959 0.125000 6.204447 
1108.469067 975.893003 1054.663318 1184.913332 21.861486 0.125000 9.114004 
5488.409491 1023.986764 5545.972302 1217.682861 24.598479 0.125000 15.209927 
4600.204343 1751.029189 4570.995814 1565.630838 45.262702 0.125000 9.634918 
6175.019032 1258.239796 5894.993098 1257.451437 20.675591 0.125000 36.909507 
3636.961408 2964.872729 3634.582111 3115.151709 21.738854 0.125000 20.000674 
1109.492704 3543.805665 1152.714031 3344.504255 22.489092 0.125000 14.924351 
3407.720966 2634.859596 3397.916307 2444.849516 25.126644 0.125000 6.000469 
3615.009292 879.166970 3265.026109 878.609465 20.557505 0.125000 48.649677 
3404.948179 2438.624232 3605.021356 2439.385232 30.646392 0.125000 32.293865 
4579.714521 885.897685 4632.570928 1197.110951 39.247575 0.125000 79.484184 
5605.022055 1450.773989 5534.919586 1450.408129 40.208210 0.125000 0.283927 
3135.011654 2003.846111 2525.073875 1997.685709 31.311409 0.125000 92.539947 
1638.901388 1265.657210 1610.502324 1434.242342 21.277448 0.125000 5.905586 
4574.940484 1779.665952 4995.014728 1781.370662 20.040416 0.125000 62.196026 
4299.194052 2354.465841 4265.036217 2086.268998 27.232798 0.125000 29.500902 
1975.009519 827.204509 1714.971188 828.327343 20.906576 0.125000 29.352066 
4405.462477 3012.391524 4436.367033 3254.825736 39.875399 0.125000 34.472653 
4777.500961 2046.277135 4862.790837 2547.079300 41.326418 0.125000 124.295520 
2586.574044 1790.213482 2496.454291 1760.577642 63.245037 0.125000 2.410073 
2504.865392 1699.773881 2735.024216 1697.739140 21.236854 0.007812 7.071031 
2285.107078 2322.252287 2164.899932 2317.567823 20.763638 0.125000 1.348026 
4165.007399 881.385978 3824.988352 880.689891 20.696005 0.125000 46.843497 
4714.684002 2303.457674 4749.845126 2524.228339 26.738126 0.125000 25.108301 
2144.705942 2418.353721 2273.714133 2429.665288 35.479828 0.125000 0.708316 
3966.481059 2363.963233 3921.371547 1864.424634 31.677153 0.125000 44.915724 
2758.182868 1123.884927 2731.033472 1046.389617 22.669365 0.125000 2.592087 
5337.054527 2046.847444 5453.504140 2547.672964 49.382076 0.125000 127.951739 
51.101803 2057.130944 3.175996 2194.363000 24.124911 0.125000 5.748343 
135.018293 2254.356000 4.839277 2250.658273 21.411611 0.125000 3.018466 
5455.027311 2549.987027 5155.036216 2548.352631 20.326587 0.125000 37.890423 
2545.573891 1546.952442 2736.697345 1490.774557 27.648411 0.125000 4.176943 
1299.058079 2995.779345 1277.972838 3105.570927 20.031545 0.125000 6.204447 
1315.043917 2781.068351 994.972152 2777.493078 33.125596 0.125000 47.040213 
607.498685 3009.636343 655.095031 2881.325787 24.649289 0.125000 4.926507 
1924.993500 1721.864919 2225.002700 1722.148986 30.160952 0.125000 28.156432 
2731.918698 1415.466703 2750.856539 1134.720501 26.011871 0.125000 41.698264 
3605.087715 834.172128 3315.025742 831.822366 21.943496 0.125000 32.546005 
4679.490920 2084.270436 4712.174622 2285.458991 26.155240 0.125000 20.857947 
3644.640693 3129.391068 3836.628288 3145.100784 62.246759 0.125000 27.911628 
521.830534 1372.828730 460.703961 1462.056962 44.302450 0.125000 0.316122 
656.624964 2875.596388 709.030248 2732.809004 21.272229 0.125000 2.673230 
4995.002374 1234.375354 5155.000063 1234.983382 10.303944 0.007812 19.148737 
5716.693895 1427.504403 5813.471187 1748.476093 51.047907 0.125000 67.358665 
1966.878608 1838.392699 1900.843905 1819.617511 38.475066 0.125000 5.765114 
5301.885446 2094.007495 5242.115975 2073.340791 36.424498 0.125000 0.412161 
5008.178712 1464.393689 5023.604425 1545.266194 25.089618 0.062500 1.119359 
5558.070263 897.052310 5650.540255 1209.282395 52.919964 0.125000 69.733286 
302.914260 3027.296536 227.891199 3285.838959 26.024697 0.125000 31.906096 
5665.034519 1256.505323 5374.998672 1255.326729 20.528101 0.125000 24.258938 
966.806611 1498.145614 904.450757 1732.189385 26.414294 0.125000 31.140504 
1707.154895 825.409559 1736.064491 673.301718 29.960676 0.062500 0.307127 
1830.881746 1835.938957 1751.057679 2335.967043 20.999057 0.125000 66.601830 
2515.001297 828.044423 2244.997085 828.159470 20.102261 0.125000 32.516739 
5895.034353 2270.965719 5845.407542 2104.878227 54.740673 0.125000 48.880662 
6047.965726 897.602098 6130.384837 1120.406398 65.004137 0.125000 44.323211 
3324.923741 1668.446892 3465.076380 1671.547610 31.983321 0.015625 10.933226 
4884.974617 1234.075403 4995.166098 1231.050351 30.263125 0.031250 3.706135 
4596.244768 1564.795157 4626.139871 1746.458055 24.481447 0.125000 17.460154 
1333.063380 2824.634441 1315.971262 2915.183337 19.652940 0.125000 3.495177 
2241.221474 815.825094 2255.903245 705.119789 44.911578 0.125000 7.042350 
1014.908271 1751.728311 1195.011129 1754.183714 22.315594 0.125000 13.209030 
1586.948816 1427.434332 1650.776351 1114.139516 24.320986 0.125000 41.698264 
3625.000780 1734.972304 3765.171263 1738.921892 20.837041 0.015625 9.714438 
2707.173383 2151.673013 2827.443204 2112.501455 44.929377 0.125000 0.038212 
5165.007839 1253.523610 4845.016861 1251.824535 21.220945 0.125000 37.345152 
1058.421597 2405.760618 1018.408405 2585.757685 27.121872 0.125000 8.806645 
2494.580223 1931.406443 3174.950981 1939.251321 69.534166 0.125000 173.689763 
2615.098715 1585.263874 2502.194713 1627.501234 28.098183 0.125000 2.100623 
4039.378501 3305.493659 4028.768135 3184.669096 27.796494 0.125000 5.748343 
4485.032863 1234.514550 4665.030715 1233.892849 10.587106 0.007812 11.461310 
5404.970670 1232.259098 5514.958075 1231.082119 30.212291 0.015625 1.927863 
2174.801595 1306.271173 2198.421373 1124.146815 34.895376 0.125000 14.475199 
995.032202 804.781125 1167.190686 830.110164 29.680486 0.125000 8.293245 
5746.755629 1754.487536 5685.559058 1544.836812 53.601106 0.125000 55.880992 
3274.648940 857.206674 3535.058122 861.323420 29.838184 0.125000 15.225038 
520.255957 2276.450619 465.424899 2475.117270 23.597824 0.125000 11.303810 
1895.589724 1824.392325 1844.486904 1822.929929 40.555732 0.125000 4.879650 
3404.987292 1956.449175 3594.972682 1958.115191 31.664927 0.125000 11.391518 
4999.701887 1023.932919 5038.842265 1196.397482 23.031177 0.125000 14.049430 
5069.632997 896.247845 5142.115353 1207.995721 45.974225 0.125000 79.386643 
5192.167943 1428.064441 5268.780743 1748.873342 49.938371 0.125000 81.484891 
564.571032 2124.880824 539.209159 2216.169392 24.623793 0.031250 5.572824 
3893.045325 1444.369877 3874.240797 1204.276246 22.880980 0.125000 15.522849 
5133.047756 1745.414158 5094.783626 1565.045903 37.941171 0.125000 21.898973 
2225.062595 2144.107558 2234.942267 2034.096751 19.352069 0.062500 4.063224 
5210.125665 1749.650690 5166.054030 1542.646573 53.068643 0.125000 41.448420 
1920.445926 2335.889701 1966.560161 2053.621183 29.997905 0.125000 51.969133 
3554.761435 1739.015425 3635.072076 1743.786853 29.947193 0.125000 3.994932 
4512.032546 1212.708217 4486.922058 1026.086913 48.796013 0.125000 10.677165 
5686.096876 1529.186653 5665.031502 1484.390093 45.246911 0.125000 0.412161 
3694.876339 3246.471729 3814.869425 3256.554023 16.663198 0.125000 1.345958 
2795.820027 1527.318756 2703.251412 1560.055590 22.189750 0.125000 3.111025 
438.400717 2485.997312 564.813336 2054.945258 31.094522 0.125000 39.135536 
403.854125 3294.677548 440.687228 3163.786375 25.879023 0.125000 8.973533 
1854.897386 1661.322554 2225.124462 1667.331261 23.242897 0.125000 36.308938 
5087.195167 1526.832206 5072.801066 1465.516206 33.776835 0.031250 4.720776 
2615.775426 1479.950234 2506.880977 1497.007941 31.186148 0.062500 1.728774 
4075.151147 1326.231870 4063.759501 1235.155159 21.080322 0.015625 4.068746 
1755.777079 755.151745 1781.332410 624.283809 23.926029 0.125000 8.095321 
5039.502876 1752.107630 5002.294809 1565.539508 41.238801 0.125000 20.655183 
2094.820872 2126.559304 2109.496885 2034.126246 27.593088 0.125000 0.057377 
3266.186609 1639.817746 3164.463269 1631.867293 35.982386 0.125000 12.416706 
555.022184 1235.504923 275.000349 1234.850702 20.584024 0.125000 37.945468 
2582.966424 1629.847694 2665.843373 1597.136785 18.535464 0.062500 3.495177 
5994.329294 2335.144600 6007.134558 2394.539802 33.541226 0.062500 0.522465 
1447.570184 539.668084 1145.281906 58.539975 36.933952 0.125000 122.576153 
4258.596229 2035.748163 4236.427810 1846.001503 29.797328 0.125000 22.563149 
539.354774 3096.124503 497.496232 3258.226814 28.728733 0.125000 3.197926 
4145.126969 2046.015211 4122.323287 1824.246971 24.267771 0.125000 20.083180 
244.905519 1210.395281 554.985547 1215.825346 20.872391 0.125000 14.238417 
2178.767232 2405.514622 2188.520774 2334.114907 25.229874 0.125000 3.495177 
1055.344665 2245.069118 1031.050669 2366.213387 23.542044 0.125000 1.076562 
4818.677759 2516.096827 4781.849060 2303.811777 42.426778 0.125000 28.391496 
4664.998244 1255.182349 4485.014935 1253.449091 21.347225 0.125000 18.507614 
544.963708 805.230299 723.677292 833.393447 31.729027 0.125000 4.508447 
59.832000 2223.192942 108.898889 2082.866668 32.544259 0.125000 7.777814 
3620.800726 2655.221628 3605.980685 2374.420465 21.553334 0.125000 6.658623 
2435.087338 1585.314095 2538.234643 1556.632854 39.619312 0.125000 0.779692 
2585.293404 2675.015727 2600.315989 2394.748932 27.464717 0.125000 35.314727 
4077.424478 2622.448757 4154.154806 2695.366529 19.355635 0.125000 1.345958 
613.057108 2194.449626 635.521422 2115.147706 21.968338 0.062500 0.011730 
4.964258 531.673593 1435.030353 539.332605 52.516428 0.125000 341.219487 
3181.440421 1826.301488 3004.704544 1796.768089 46.045725 0.125000 9.632558 
3544.909608 860.988088 3625.094212 859.181453 11.574229 0.015625 4.468456 
4165.113443 1518.479543 3944.876564 1520.333045 60.923597 0.125000 58.509941 
4162.254132 2205.288884 4148.617503 2075.671482 23.029105 0.125000 6.375660 
338.144555 1196.142465 440.837395 913.487661 23.091152 0.125000 32.757389 
4028.289319 2055.583186 4008.226309 1824.719620 20.790680 0.125000 23.756466 
271.394393 2063.828182 131.620938 2493.901809 25.440180 0.125000 62.457300 
1727.911498 2345.472809 1809.077553 1845.662169 23.706466 0.125000 62.444104 
4996.201943 1527.027188 4979.877870 1456.180206 29.997487 0.031250 2.869222 
2836.592680 2099.952413 3014.642497 2156.133013 61.709574 0.125000 22.092607 
5525.010010 1234.268236 5684.980075 1236.456556 19.040650 0.015625 6.467328 
6203.584161 834.927897 6112.812909 757.566192 55.265137 0.125000 5.156463 
1576.243401 2732.110327 1683.581375 2778.296897 24.995856 0.125000 3.134984 
3055.000758 828.849324 2774.998800 828.904448 20.051186 0.125000 33.412024 
1675.607549 371.957302 1574.757276 374.230210 61.787305 0.125000 13.703354 
2156.319111 1426.751182 2173.874454 1313.278764 22.711679 0.125000 7.538054 
5363.595621 2400.792172 5340.012608 2313.643554 50.876194 0.125000 21.129279 
1174.919443 783.289301 854.923848 784.476638 61.001410 0.125000 75.756490 
5634.736538 2036.383901 5834.855204 2030.264697 32.431072 0.125000 6.218598 
6064.617851 835.359070 6006.240967 773.230053 27.405856 0.125000 0.379692 
316.176615 2971.467183 425.351310 2980.959413 27.485803 0.125000 1.076562 
742.448638 2694.153664 633.919758 3021.324470 28.658087 0.125000 21.780009 
1184.998692 3147.007836 904.998810 3146.825375 40.143354 0.125000 24.790208 
2021.711203 1805.728774 2007.758949 1934.213690 17.723994 0.125000 2.971070 
3128.746585 2187.961723 3084.769947 2095.108957 31.870089 0.125000 0.791837 
6082.997258 1222.365909 5993.926288 951.941139 54.198334 0.125000 45.982044 
7.077044 2385.589308 27.693135 2312.926866 29.319854 0.125000 0.412161 
2226.548091 1835.682384 2064.438013 1843.861710 54.975605 0.125000 6.871543 
2672.768689 1598.449421 2825.486868 1546.429324 16.328934 0.125000 8.425431 
4666.226512 1396.456255 4724.371876 1746.764094 46.009853 0.125000 58.650722 
2455.069376 1436.990672 2184.743182 1434.649133 39.998500 0.125000 29.978973 
654.098495 3157.628152 675.841697 3082.354572 21.596783 0.062500 0.662178 
2875.707412 390.194209 3096.804716 422.739687 32.292037 0.125000 13.139827 
3594.843385 366.310712 3245.052215 364.561074 61.699891 0.125000 80.709647 
6195.097497 1827.847808 5044.850451 1821.309557 59.203253 0.125000 273.056679 
4775.014435 2256.653478 4748.426974 2096.088406 32.992071 0.125000 22.563113 
2264.984372 2995.034832 2163.067112 2949.308083 34.621605 0.125000 4.158208 
4284.550088 2776.339716 4344.504949 2796.474129 37.989773 0.062500 2.137629 
5831.241315 2034.020971 5896.566831 2061.239552 29.999900 0.125000 1.241680 
5124.673828 2817.332434 5414.999244 2804.982235 32.947944 0.125000 24.802997 
823.691574 1187.550230 868.971000 1033.231007 22.523590 0.125000 15.210305 
2091.484540 2454.342681 2128.292785 2257.485477 25.813059 0.125000 18.342624 
2452.956105 2864.817987 2505.555570 2274.158953 44.554030 0.125000 77.651292 
4508.936133 1014.334611 4539.630425 1195.907708 24.861456 0.125000 9.114004 
695.026704 2502.507990 445.055409 2499.829297 29.033893 0.125000 24.647533 
3584.126592 2095.032811 3592.393714 2315.097910 19.235098 0.125000 21.786240 
6004.868243 1413.883277 6194.960061 1411.630276 41.182325 0.125000 16.590585 
694.896349 1215.391270 1044.961267 1218.883102 19.899262 0.125000 23.325159 
1875.159359 1433.731335 1725.026856 1436.471463 21.639022 0.125000 4.704194 
3624.083508 2925.018168 3623.650748 2664.985603 20.133112 0.062500 4.578714 
5164.350347 2018.537439 5335.910083 2050.044489 39.143795 0.125000 20.300027 
2013.853545 2717.733323 2134.674830 2728.611566 30.775868 0.125000 5.905586 
4184.377873 2759.035129 4283.561966 2774.327114 29.649672 0.125000 7.319856 
2179.099889 1711.140312 2252.904186 1661.861147 33.317717 0.125000 2.477449 
5330.280039 2268.312834 5291.936405 2097.940057 57.562505 0.125000 41.848727 
421.350932 1187.234290 476.019248 1031.840526 31.618456 0.125000 8.293245 
2935.149757 1044.431342 3045.403738 1073.466925 41.744284 0.125000 1.426762 
3396.379025 1042.299927 3596.194780 1063.996731 32.209789 0.125000 15.000879 
3364.336803 2244.789353 3368.861947 2445.364089 41.794236 0.125000 26.056235 
4634.291035 2783.503888 4711.230163 2747.044606 49.938087 0.125000 5.190146 
4685.976039 1744.837069 4655.929835 1564.844782 44.378019 0.125000 23.772528 
125.013237 2498.445419 4.993532 2498.203043 10.242315 0.003906 4.769703 
1495.087530 3346.363311 1194.915668 3343.321161 31.011877 0.125000 38.305922 
3395.962243 2325.373739 3393.055401 2255.080415 20.387559 0.062500 2.317280 
712.128311 1564.112048 749.486028 1443.295030 23.444366 0.125000 5.542173 
4446.119715 1535.845939 4373.793432 1543.312770 28.896220 0.125000 2.105527 
615.922716 1986.042276 815.861399 2006.637543 32.190619 0.125000 9.155332 
4742.811887 2089.885137 4681.645960 2062.488163 36.505325 0.125000 0.517008 
4039.593104 2205.372470 4031.318364 2085.253620 22.701715 0.125000 0.860447 
2576.399630 354.302384 2213.883158 371.618008 72.336447 0.125000 73.156269 
2334.971500 3026.095921 2455.150280 3029.221262 22.592938 0.062500 2.137629 
30.869251 1177.406152 90.077269 1032.981882 22.759245 0.125000 12.416706 
895.040878 1726.808437 674.996455 1725.710360 21.097593 0.125000 26.072427 
5085.262564 792.403055 4785.184499 786.148381 74.986150 0.125000 56.335055 
824.801429 2497.503089 950.847690 2003.939583 36.281757 0.125000 108.211259 
3966.588653 1325.705759 3959.020029 1235.501753 19.929968 0.125000 2.592087 
2557.045292 3025.146277 2564.974117 2914.282960 19.235679 0.125000 3.994932 
5525.417391 787.156567 5264.858208 781.061602 72.085548 0.125000 67.098093 
1203.390308 3222.342356 1136.326779 3515.303721 32.884347 0.125000 22.087347 
501.676840 1027.253106 446.085615 1191.991833 25.344865 0.125000 18.507614 
3464.116941 449.077733 3565.843017 471.107171 49.676340 0.125000 1.012697 
4089.663361 1754.249165 4255.768966 1791.578289 44.398041 0.125000 21.740012 
3884.569205 1072.790999 4013.563650 1047.634779 39.015890 0.125000 8.030822 
4182.774913 1435.811298 4176.740702 1344.884481 49.890260 0.062500 4.208441 
417.374284 3145.656521 378.570945 3285.987413 19.276631 0.125000 0.860447 
3955.061492 1537.740462 3294.939445 1532.148920 32.116465 0.125000 105.908188 
4984.072093 1407.848563 5114.771566 1400.777616 34.277938 0.125000 14.927501 
1214.917937 2338.825740 1054.777117 2335.390679 20.209854 0.125000 8.095321 
4744.720997 3008.311716 4424.442508 3001.598945 59.777280 0.125000 92.268133 
505.849530 1188.740544 559.506895 1033.106167 26.075059 0.125000 10.965219 
2185.019473 481.829452 2104.961074 481.337736 20.122460 0.125000 0.785907 
4453.442388 3245.956659 4566.964179 3226.403831 56.064019 0.125000 3.439802 
5272.080275 2746.672274 5473.344734 2714.609549 55.670269 0.125000 22.472840 
5355.177079 862.646828 5555.547458 877.724924 38.920093 0.125000 19.880414 
64.841332 1229.121919 4.615283 1230.747611 21.068410 0.031250 0.123181 
2825.020145 454.175391 3065.121147 460.041083 52.915824 0.125000 19.962517 
4634.996145 2425.407123 3774.978572 2417.262768 24.071015 0.125000 77.998336 
924.493720 3269.730051 1145.576902 3262.399967 48.978427 0.125000 29.341304 
5585.732488 1209.051386 5530.430956 1016.310961 50.818776 0.125000 46.567619 
359.053281 3286.086031 391.731552 3164.124257 20.011665 0.125000 0.671000 
593.781987 912.874224 533.673371 903.576409 50.941005 0.125000 1.873085 
969.130534 1036.138956 927.865632 1185.790171 26.262479 0.125000 6.293091 
965.291956 1947.742081 1000.946126 1813.919928 32.198274 0.125000 19.380843 
1285.420490 3296.981003 1299.310182 3223.918328 36.942624 0.125000 3.857471 
3601.924884 3448.268954 3731.095887 3569.780550 50.554137 0.125000 16.688716 
5925.016033 1234.325828 6194.863410 1240.743392 31.893558 0.125000 17.613776 
2764.485791 1061.128892 2935.454120 1038.418745 27.726409 0.125000 21.129279 
4015.151527 3191.850507 3864.537924 3184.604233 21.212632 0.125000 7.294752 
984.109230 1187.577419 1024.491622 1044.856157 24.503169 0.125000 8.228056 
3844.890084 458.987635 4095.526581 465.896252 48.603325 0.125000 24.876864 
2295.026883 2813.597725 2277.705862 2936.786514 29.707777 0.125000 9.058919 
366.766363 789.580170 285.541174 780.275712 43.472100 0.125000 1.066092 
2065.565752 366.445431 1704.782958 372.936475 70.528333 0.125000 85.376967 
2751.568985 434.636098 2865.621851 396.878394 38.038117 0.125000 1.829276 
5425.010564 2675.124713 5583.870699 2661.668150 32.425088 0.125000 15.085824 
396.400618 1101.803534 362.152150 1193.941429 19.825916 0.125000 0.379692 
1032.267670 1114.210738 1011.294261 1186.818163 23.482934 0.125000 2.592087 
4175.727081 1336.090719 4163.852252 1235.135003 26.290034 0.125000 3.857471 
5484.123578 1416.712969 5626.758563 1401.628142 36.623011 0.125000 20.888032 
745.109034 2259.177860 604.970908 2256.553419 12.057914 0.125000 0.785907 
985.070279 1793.306802 485.028240 1790.301414 60.599933 0.125000 140.242763 
2364.956851 445.371221 2536.131222 465.267921 47.814625 0.125000 12.847247 
4194.640618 449.425594 4305.469372 442.280469 25.105477 0.125000 4.791819 
5096.723417 1406.918294 5186.888141 1426.145850 44.729286 0.125000 7.704702 
306.694228 3285.492555 362.303170 3094.215963 15.185762 0.125000 9.942595 
465.582130 2812.989748 596.211201 2850.817397 27.295358 0.125000 3.379420 
584.675702 1024.907278 567.305827 1085.659269 21.978453 0.031250 0.875310 
4626.594015 2017.885668 4775.824148 2051.321702 35.672155 0.125000 15.356728 
151.227526 1717.203193 248.359548 1442.650720 28.860594 0.125000 25.573125 
3324.040960 470.088142 3454.909419 444.536077 35.426050 0.125000 5.242855 
5443.545087 929.401744 5371.539899 905.365318 50.579983 0.125000 2.110602 
3076.756872 355.048317 2724.364225 370.507363 69.056207 0.125000 87.107776 
1554.620032 446.827762 1655.332214 442.145154 23.694000 0.125000 5.518085 
3955.038180 1497.911523 3184.952797 1493.763693 20.538322 0.125000 73.898558 
4015.467869 1042.806241 4167.101674 1075.145610 27.254329 0.125000 14.900327 
4277.280174 366.894894 4184.181476 373.550544 73.387216 0.125000 3.866736 
4824.952753 873.928139 5034.545515 864.689404 35.255301 0.125000 23.695352 
5814.472979 878.121533 5984.242542 865.113959 36.827302 0.125000 13.446058 
1393.961585 2735.181186 1495.993125 2724.390565 45.036724 0.125000 3.298817 
118.147226 2126.008887 89.189387 2216.342966 22.462790 0.125000 1.241680 
900.148251 1186.543836 942.792345 1044.337978 26.812914 0.125000 9.058919 
794.612323 1379.936658 985.008755 1394.888519 36.953942 0.125000 19.152058 
4315.209503 482.413107 4134.914336 483.791001 39.998832 0.125000 15.835481 
5090.350766 1206.020068 5072.226624 1123.414438 46.695227 0.125000 11.504723 
166.330270 914.873722 72.691524 902.572581 42.264232 0.125000 4.414758 
24.848451 1994.566303 254.945156 1991.224157 31.884882 0.125000 12.839343 
869.319182 1103.406335 846.325071 1185.371728 21.957676 0.062500 4.881804 
1735.036491 479.727386 1524.971817 481.348901 29.844728 0.125000 18.124987 
2345.008535 1508.641912 1724.994176 1508.865732 60.068584 0.125000 164.432630 
3370.936745 3125.105784 3364.425834 2875.014948 19.993226 0.125000 17.502120 
4105.500396 367.211378 3754.808290 372.659298 70.768200 0.125000 58.647486 
6015.144314 792.195993 5755.064643 789.264638 62.137541 0.125000 60.396355 
3530.672780 3084.579093 3549.449136 3337.637790 60.575462 0.125000 46.268886 
3590.726209 3093.267215 3598.538751 2983.824913 44.882740 0.125000 5.086871 
405.058739 882.699771 204.994095 884.226007 21.448831 0.125000 21.556977 
2602.720530 2388.284673 2636.137727 2309.738508 56.381751 0.125000 5.242855 
1085.010754 3217.044796 885.016285 3218.096592 39.999447 0.125000 11.047423 
4524.321973 1398.471565 4664.821796 1425.912423 41.405323 0.125000 17.316737 
1984.690774 1964.946343 2084.903546 1961.864047 19.990546 0.125000 3.495177 
2241.593173 430.392015 2413.883150 390.211107 30.523561 0.125000 14.714416 
4114.045881 1806.340551 4034.608175 1799.657189 39.859179 0.125000 2.477449 
4305.012036 2513.419182 4465.002761 2514.637325 15.151693 0.125000 0.785907 
1685.022220 2833.243384 1834.998223 2835.140480 20.124883 0.062500 0.481378 
1732.110370 427.648912 1954.275521 390.649788 36.178615 0.125000 16.709124 
1814.936535 1035.247409 1934.748283 1065.981283 33.776084 0.125000 10.830798 
1893.540338 441.991239 2033.694423 471.253229 37.111912 0.125000 9.063654 
1726.636639 1345.248542 1714.536177 1424.929563 22.152948 0.125000 0.464982 
4414.888303 2863.262565 4644.962630 2861.073103 41.901368 0.125000 18.542874 
678.727808 2035.981174 628.719604 2225.979015 19.852038 0.125000 9.058919 
2975.581476 2113.418691 2904.201661 2087.171066 18.771141 0.062500 1.141069 
5969.278878 870.134375 6045.816125 892.164630 27.517862 0.125000 1.241680 
5035.096141 2776.783802 4894.881312 2775.143098 31.402013 0.125000 3.443265 
286.636449 1635.572735 258.419177 1716.196665 22.180637 0.062500 2.925800 
1175.353913 2602.663072 1075.105898 2607.292953 47.640006 0.125000 1.355682 
406.982269 1545.684856 348.113725 1716.075764 24.745136 0.125000 11.124254 
691.987911 1627.921790 718.711489 1564.008231 27.272418 0.062500 1.791980 
2234.884757 1053.838102 2385.387852 1038.910370 27.798441 0.125000 21.556977 
2782.786997 1756.851787 2792.378015 1664.727028 29.838729 0.125000 3.857471 
3985.069850 2817.318215 3834.809486 2815.951912 40.362047 0.125000 8.530964 
3942.906482 1785.200811 4096.574717 1752.370823 34.183526 0.125000 20.027376 
5608.965578 1406.743244 5716.083766 1430.010551 36.965893 0.125000 6.293091 
574.024523 3514.778282 613.222198 3342.323002 27.923213 0.125000 14.389085 
2389.456754 1040.838442 2486.172120 1071.275531 38.155138 0.125000 7.538253 
3805.072149 481.572868 3654.980466 483.220403 30.217717 0.125000 18.376711 
1024.320983 1717.379393 1196.514117 1042.833785 40.208760 0.125000 116.783824 
1654.282438 1060.645623 1805.129746 1035.787337 27.863751 0.125000 16.650191 
984.946019 2822.025197 1295.004551 2824.407678 21.459321 0.125000 11.962315 
1185.207813 973.565271 1115.006515 975.268517 21.449426 0.125000 3.495177 
324.693211 2843.552225 466.788817 2813.441653 25.784561 0.125000 16.090620 
875.016098 884.154672 674.898236 880.343632 48.467694 0.125000 15.501911 
1154.999962 54.275067 4705.000474 54.089870 60.124682 0.125000 819.795566 
3564.961238 3175.069317 3697.170909 3249.000591 26.470195 0.125000 5.497126 
5074.527181 1118.084039 5046.946932 1024.426667 44.020581 0.125000 12.351560 
1249.128908 3468.768323 1346.719264 3376.824856 29.956357 0.125000 7.091925 
3286.575226 1571.034859 3198.549582 1536.065034 40.865991 0.062500 4.723334 
5785.470572 893.658946 5574.588853 884.908866 46.598757 0.125000 21.046071 
944.983180 3006.139498 1235.067584 3010.421491 31.472691 0.125000 16.622407 
1624.056781 1007.913718 1873.628292 974.694531 33.729930 0.125000 24.791330 
323.296548 1717.857525 379.983582 1553.272228 23.110008 0.125000 9.891733 
1045.011489 2543.875771 1445.071903 2547.964293 33.064201 0.125000 59.986354 
2705.420956 1674.498849 2565.245344 1668.879674 39.967900 0.125000 12.172640 
4792.600701 2820.821571 4913.415970 2832.047534 77.101349 0.125000 32.475528 
288.535261 763.442370 4.499999 789.562997 69.705865 0.125000 51.460388 
2895.394621 2054.016112 3028.109977 2107.246062 33.402605 0.125000 17.460154 
3426.883684 393.358663 3597.276675 420.929940 29.902474 0.125000 9.343801 
1004.999811 2715.611450 1255.002874 2715.688609 40.052466 0.125000 33.324728 
4443.912877 862.572627 4565.709515 880.057693 43.857157 0.125000 10.097395 
5524.952465 2639.668278 4704.833848 2631.317456 31.525734 0.125000 120.338869 
1275.007777 2845.885895 1044.999412 2845.689634 20.136517 0.125000 7.777814 
118.751581 1026.383521 95.682032 1088.939355 32.604841 0.125000 2.105527 
314.999372 2776.058436 44.999467 2775.898353 10.142293 0.125000 9.816807 
275.235510 1380.752881 475.728051 1391.870530 29.953983 0.125000 30.383179 
3022.942653 2097.071045 3103.173917 2176.771660 35.378606 0.125000 10.659384 
4713.447216 59.566749 4469.946047 577.326116 44.619121 0.125000 117.759673 
904.398488 864.497045 1105.457150 852.982271 36.812164 0.125000 20.169768 
1885.078907 2444.101494 1064.977094 2438.163792 31.012815 0.125000 98.590136 
1715.002908 1521.632223 1284.994594 1521.260966 20.310807 0.125000 63.099116 
2497.062213 2884.410651 2486.615118 3025.119916 19.204681 0.125000 9.313357 
4444.987416 2535.825386 4355.008331 2534.453574 19.387911 0.031250 0.123181 
4645.003383 3074.597873 4435.018246 3072.831254 21.008825 0.125000 0.779692 
4715.211126 893.145905 4604.889913 891.181043 30.529469 0.125000 5.748343 
794.984242 2571.542997 4.975434 2570.790482 50.723907 0.125000 155.404206 
2567.819991 2583.816833 2540.018184 2752.531203 26.237601 0.125000 11.785660 
2877.619567 2384.601938 2885.686325 2235.037017 20.509539 0.125000 7.234772 
4085.242805 1234.971705 4108.639356 1435.741234 21.023076 0.125000 10.146797 
4595.320569 1196.800122 4582.068992 1125.545091 45.500366 0.125000 5.748343 
4623.424073 3147.705183 4753.819458 3119.535380 70.533193 0.125000 27.855737 
154.989350 2757.437202 675.023118 2759.709644 29.912318 0.125000 41.845347 
1445.105696 2610.256659 1184.789291 2604.456034 29.547006 0.125000 36.999669 
4033.448939 1814.225585 4055.430280 2054.043979 31.782349 0.125000 32.084448 
975.006554 3076.225943 1095.003124 3075.584469 40.373627 0.125000 4.039959 
4177.453211 2074.223018 4194.388864 2345.662051 35.563400 0.125000 23.254008 
4240.359614 1846.019488 4161.678942 1812.886490 39.291513 0.125000 7.234825 
4596.250552 1949.402741 4806.906256 1996.467923 29.172744 0.125000 12.933901 
4164.998594 3385.766835 4034.999031 3385.528414 20.201707 0.125000 2.181919 
3136.844610 1500.057040 3023.912834 1457.913254 12.865162 0.125000 0.785907 
5919.930789 930.584703 5847.584944 907.052889 50.411036 0.125000 0.462430 
3074.563585 2185.550539 2974.208471 2105.998517 18.636094 0.125000 2.105587 
101.419608 1097.387771 52.953310 1183.852767 34.892341 0.125000 6.572641 
184.946704 2670.433835 705.092829 2675.535511 32.156249 0.125000 65.354793 
1885.106883 2875.139891 2010.607822 2779.251421 19.642052 0.125000 9.942595 
2844.932120 1394.812538 2624.823769 1474.513307 27.237210 0.125000 8.110484 
72.700032 2264.216397 4.366288 2464.784093 24.962886 0.125000 21.747352 
4.867817 2956.178151 285.065138 2959.491515 29.170203 0.125000 27.706624 
4365.159141 1535.965473 4164.911060 1538.871649 22.755051 0.125000 21.786240 
1325.001303 2484.533767 1544.999585 2485.148514 10.195563 0.125000 4.398267 
3187.408460 1548.355407 3044.443589 1496.535058 16.216927 0.125000 5.765114 
4581.583840 1115.566063 4566.801990 1026.358424 34.500614 0.125000 1.313361 
40.151101 1017.114013 11.239726 1087.560785 29.411470 0.125000 2.105527 
845.681474 974.134858 754.695814 980.922519 22.176419 0.125000 1.241680 
2357.780543 1969.834598 2266.285586 2806.234546 104.218271 0.125000 339.569419 
4149.961061 1834.493472 4172.397802 2054.244680 29.844844 0.125000 29.357023 
4434.907649 3052.035834 4655.000988 3054.924750 11.836602 0.125000 6.204447 
686.592922 774.698879 465.744740 783.560437 71.948359 0.125000 56.329167 
2417.401150 392.430295 2577.297152 422.974707 26.709443 0.125000 11.562812 
1095.033897 3078.650395 1245.029622 3079.451143 20.426787 0.125000 9.067401 
2973.238516 1450.813299 2888.864880 1425.247289 42.922340 0.125000 3.379420 
232.787856 1356.655311 357.292951 1323.649511 40.643246 0.125000 7.801542 
465.525104 855.127832 654.989070 865.205485 37.818925 0.125000 19.938506 
1473.804582 1710.957388 1634.535327 1663.428591 34.439908 0.125000 9.125843 
3314.929142 1004.324249 3504.937109 984.400234 33.448264 0.125000 10.009749 
4515.016322 1497.962038 4164.995013 1497.150267 10.788501 0.125000 17.041527 
1774.086142 471.268673 1887.103576 443.589000 34.094051 0.125000 4.158208 
3406.529778 2983.938142 3496.689241 3113.827455 31.700398 0.125000 18.342624 
3844.974267 3116.888478 4005.080802 3119.070150 30.133466 0.125000 3.610162 
1947.579538 2897.925044 2001.173810 2850.661326 38.386606 0.125000 1.489205 
2894.924554 986.034776 3005.793392 994.118293 22.128579 0.125000 7.107537 
475.021065 1800.927446 4.981916 1798.496165 31.034086 0.125000 44.476637 
564.278244 1950.537712 724.927756 1924.553350 36.293404 0.125000 7.921229 
748.021125 972.138983 867.740301 921.475390 29.042717 0.125000 5.284950 
3764.817389 2507.695215 4294.995376 2515.321429 24.312761 0.125000 36.385415 
5035.009517 1832.057745 4575.014330 1830.569852 30.840831 0.125000 47.630999 
43.140511 1943.517426 177.708524 1921.725466 29.894149 0.125000 10.830798 
44.919593 3050.909930 265.014906 3053.904416 12.583863 0.125000 8.913717 
3271.379396 430.324103 3424.401246 392.572986 29.382720 0.125000 14.924351 
3392.050229 1605.102838 3288.000619 1574.723009 40.778896 0.125000 4.958542 
285.074330 2866.048163 24.926200 2863.888083 32.074711 0.125000 48.979019 
3285.151149 477.146747 3085.032813 473.295125 51.530194 0.125000 22.087347 
3504.984718 1679.343559 3854.980385 1680.574970 21.090562 0.125000 48.649677 
4464.688875 2753.799039 4585.245328 2758.061787 21.394738 0.125000 1.667226 
2264.705984 988.373616 2405.316568 982.134650 38.630876 0.125000 10.366634 
1999.703568 2811.261400 1886.165387 2896.551366 18.056829 0.125000 3.838170 
2255.270951 482.762756 2194.857738 481.425118 21.323262 0.015625 2.759054 
4555.035862 2472.181991 4395.061769 2470.146183 20.761871 0.125000 14.332257 
5044.994506 2725.485517 5224.971461 2727.522068 30.224377 0.125000 12.506780 
1635.044875 2549.092708 1805.035065 2550.384050 30.834733 0.125000 4.474993 
1055.051964 2480.364491 1324.905954 2483.389523 21.231753 0.125000 30.726604 
4.986317 2616.350023 735.012679 2623.749052 16.992477 0.125000 104.572224 
2277.441141 474.184881 2357.127795 453.005904 48.932372 0.125000 3.379420 
5126.220194 1955.993734 5337.756631 1984.653274 37.464276 0.125000 9.290079 
4.948541 855.826175 185.493827 867.071621 36.192702 0.125000 19.111131 
3611.892298 1425.104146 3609.203122 1344.859145 12.673851 0.015625 1.692409 
5.139529 810.931212 215.577909 818.147689 29.296927 0.125000 13.202476 
5245.024482 892.725789 5124.930748 891.432955 20.537070 0.125000 8.010627 
873.109337 837.735928 985.880833 808.384229 32.347127 0.125000 3.379420 
2578.851193 2765.240305 2584.445183 2675.589355 41.167884 0.031250 7.142295 
3144.658781 1662.529773 3004.569124 1681.880707 46.793040 0.062500 1.641147 
3477.050107 2314.925838 3473.798661 2225.043458 21.071451 0.125000 0.379692 
4139.755175 3345.554108 4130.130997 3254.457918 25.142500 0.125000 5.765114 
1634.984311 2656.009909 1855.086544 2659.429314 13.260861 0.125000 11.622987 
1673.344730 1731.973517 1854.979294 1775.087231 32.481926 0.125000 9.710442 
401.663106 844.769900 515.825850 807.531853 28.724990 0.125000 12.573180 
1255.069057 3030.701298 934.991014 3025.559393 15.138699 0.125000 30.726604 
2765.205978 474.351569 2624.833559 477.443413 41.091334 0.125000 7.796372 
6026.952202 2418.949787 6198.881885 2332.741879 49.355229 0.125000 30.190966 
2936.535375 2765.029295 2941.307319 2514.929543 28.468406 0.125000 20.905880 
2991.635794 2147.768716 3075.364678 2224.602597 35.626156 0.125000 12.351560 
1964.048151 398.449315 2064.664780 426.214771 27.918389 0.125000 9.313357 
4806.090868 888.628034 4725.117750 883.232777 52.548691 0.062500 0.749331 
224.995145 3164.332553 4.934050 3165.933246 30.290153 0.125000 25.350250 
154.831770 2224.944366 217.386121 2035.789099 22.427988 0.125000 10.965219 
1024.998484 3195.436320 1174.996672 3195.957599 30.277836 0.125000 0.332081 
1722.953172 1660.874677 1884.274738 1717.081602 32.474434 0.125000 10.097395 
2409.093526 981.163532 2552.461863 1023.579122 39.434865 0.125000 6.658623 
3954.861866 2572.663094 4155.157301 2576.273595 31.256734 0.125000 10.167418 
4495.006478 2515.911637 4634.999409 2514.916795 19.928433 0.062500 1.611326 
5684.676472 1957.059642 5907.043756 1991.989064 35.275443 0.125000 21.681063 
4.972640 3264.076899 195.031199 3264.649791 40.301246 0.125000 14.060953 
2718.577445 1025.254299 2808.142474 994.007509 25.911998 0.125000 2.105587 
734.100683 851.938776 805.826260 847.000188 27.181487 0.062500 0.011730 
385.053045 1536.477741 235.010034 1537.171176 30.508047 0.125000 10.313114 
694.986951 2726.529857 4.951858 2720.644287 34.539942 0.125000 106.743440 
1865.019689 2613.239241 1635.048444 2610.667703 28.991808 0.125000 14.238417 
716.689608 1361.947059 775.634987 1347.610839 28.886407 0.062500 0.264090 
4144.897225 2678.490067 4695.009137 2694.689719 28.233179 0.125000 39.767320 
4956.842900 928.328502 4879.826187 894.130902 43.814049 0.125000 1.066092 
583.342049 3344.673684 561.380576 3456.255818 19.623526 0.125000 1.257654 
3791.664808 431.974950 3925.680820 397.658833 26.346980 0.125000 8.973533 
3785.081644 2861.851558 3985.172393 2859.467262 22.024168 0.125000 11.504723 
1275.028430 2960.821882 944.975667 2958.576046 31.428212 0.125000 19.255990 
1554.991639 2485.936733 1835.058585 2488.436602 22.409119 0.125000 18.774345 
1895.068057 2399.435734 1054.949116 2389.160227 26.451027 0.125000 73.428238 
3406.792609 3256.217527 3389.159164 3137.349913 34.077438 0.125000 8.516425 
1534.992618 2505.582481 1054.942987 2499.498555 22.279447 0.125000 50.076229 
1875.076066 2509.077037 1594.993835 2505.480056 22.052995 0.125000 17.503332 
2924.987047 3014.714199 2931.546623 2784.901430 25.993375 0.125000 22.563149 
3607.406412 1325.478880 3601.713548 1235.207256 21.848509 0.125000 1.241680 
3010.518000 995.950265 3093.061614 1029.735796 31.552350 0.125000 1.489205 
4514.897969 1347.605898 4605.151147 1351.139644 20.375925 0.125000 2.592087 
4885.008836 2774.003471 4734.931969 2772.672817 21.329134 0.125000 13.429167 
923.410127 3080.152228 989.427813 3058.501092 40.971262 0.125000 4.662159 
2813.815309 996.409107 2885.215534 986.562961 24.625008 0.125000 0.464982 
1045.440836 2845.120551 975.134606 2841.983378 20.871663 0.062500 0.264090 
4695.055896 2712.679134 4365.006497 2704.730248 19.994202 0.125000 23.698181 
1324.971880 2670.161144 1014.981082 2668.472192 21.307298 0.125000 41.424957 
964.936501 2888.658225 1275.016654 2894.040518 38.779116 0.125000 26.301225 
3985.015825 2883.184329 3784.997237 2883.571069 10.309344 0.125000 4.398267 
605.011547 1014.740867 424.989265 1014.538251 30.180062 0.125000 8.841683 
3995.021441 2702.746247 3775.041350 2700.653477 21.426048 0.125000 16.650191 
4115.011052 798.482678 3864.981836 799.276136 10.761576 0.125000 8.010627 
4925.015545 2812.801046 5125.005551 2814.214799 11.060091 0.125000 2.592087 
2859.262817 2225.060928 2857.119309 2375.030291 21.570024 0.125000 13.429167 
4554.347805 789.317579 4424.014785 786.840640 70.747412 0.125000 23.768403 
4.968117 2669.154323 175.034846 2670.459515 20.766847 0.125000 17.944617 
753.960737 1927.952456 864.361646 1966.813508 35.995091 0.125000 5.726028 
4714.925945 2722.210419 5035.097583 2725.498740 40.819487 0.125000 37.648922 
725.030478 2639.855027 4.996507 2635.589630 14.146469 0.125000 79.354736 
274.996439 3012.137467 4.996506 3012.002757 30.069846 0.125000 29.330086 
75.103339 2810.368147 265.231806 2814.610023 31.107788 0.125000 22.563149 
181.199715 1919.077267 324.270939 1957.700636 35.240502 0.125000 9.063654 
1855.116615 2682.694089 1695.020346 2674.597684 30.971862 0.125000 3.925753 
5405.027881 2691.631369 4714.992385 2685.920100 15.544907 0.125000 77.735620 
4054.973246 2467.966818 3784.995200 2465.532232 21.712484 0.125000 19.338304 
3934.935685 395.387094 4116.567616 425.564971 26.346936 0.125000 14.988742 
4494.981920 549.095971 6195.027224 543.889809 52.143412 0.125000 392.941610 
3974.420276 1697.575580 4144.942269 1684.260649 32.244353 0.125000 8.563869 
1725.063426 1486.554485 1284.938049 1483.249136 18.046887 0.125000 33.168536 
2157.500396 1023.038330 2260.632183 990.958244 44.135260 0.125000 1.755443 
4164.987737 2575.874552 4465.209151 2580.084315 29.155802 0.125000 20.743081 
68.705841 2482.930576 101.303510 2383.784650 25.375787 0.125000 2.181919 
1135.028039 3336.708102 1024.961667 3336.335910 20.338037 0.125000 7.107537 
206.245928 2014.376793 64.757749 2033.176828 33.690102 0.125000 7.257954 
3774.920480 2681.981170 3995.005831 2684.488070 21.251586 0.125000 0.708316 
3417.037898 1244.987228 3418.166389 1425.042829 11.065250 0.125000 2.592087 
3595.872454 2455.328214 3610.250235 2855.170795 20.346436 0.125000 40.406448 
3885.144431 2632.540379 3804.982298 2634.075831 21.528397 0.062500 0.264090 
3846.355135 1014.399513 4045.107441 985.745236 32.637923 0.125000 16.564528 
3953.875774 2047.154332 4035.948479 2054.745719 33.556594 0.125000 5.542173 
3977.545565 1234.593478 4011.491645 1447.157262 39.086614 0.125000 16.146399 
210.695166 2126.830730 181.664230 2217.142239 19.379734 0.125000 3.495177 
3425.280358 2082.437538 3585.429750 2076.400707 61.840830 0.125000 57.874854 
4704.985574 2666.277301 5424.893744 2674.408045 25.193698 0.125000 75.189884 
1104.950686 2649.597971 1365.028021 2652.387330 22.143749 0.125000 33.297147 
3775.224486 3273.841104 3653.963287 3250.351966 19.326106 0.062500 2.137629 
4045.677826 1101.328757 3882.197969 1118.837854 47.585802 0.125000 19.903838 
4057.539670 2074.441258 4063.805054 2215.053244 35.954109 0.125000 7.178866 
5624.983819 2597.734912 4675.076232 2592.114974 21.301213 0.125000 57.528629 
5639.908245 2179.262065 5673.177349 2265.701508 37.330471 0.125000 7.294752 
365.445442 1322.565374 535.250100 1353.633045 32.147907 0.125000 8.841683 
4179.818196 4131.706273 4094.434442 4065.731943 24.456966 0.125000 0.057377 
4049.506403 987.600733 4206.729727 1028.321507 31.897488 0.125000 12.300962 
4793.672409 834.440437 4974.584536 811.695431 26.138359 0.125000 4.039959 
4884.646425 1383.802763 5021.564549 1343.367264 24.845681 0.125000 8.934448 
4.879198 2757.933731 145.013745 2756.941800 19.999499 0.125000 3.857471 
775.009270 1335.971079 994.989224 1333.871117 29.712262 0.125000 13.967714 
4065.156198 2052.057620 4155.432647 2056.849985 23.152527 0.031250 2.423510 
4.796487 3107.010622 235.239092 3109.141322 51.384722 0.125000 22.386530 
2666.716529 2260.963727 2724.381347 2144.767556 80.551529 0.125000 24.597477 
1674.793935 2903.363970 1785.113521 2901.410298 21.590443 0.125000 7.107537 
3814.943713 2752.514317 3935.108541 2749.793244 30.897859 0.125000 6.088820 
5234.980032 2779.463358 5044.983835 2778.613381 20.402424 0.125000 14.330603 
3555.122813 2131.366958 3504.900530 2131.743811 30.374330 0.125000 1.688997 
3994.990993 2635.604966 3885.313074 2633.972032 40.293303 0.125000 1.101342 
1644.940840 1669.251066 1724.932369 1668.427904 29.998412 0.062500 0.549296 
4275.110166 2641.490291 4194.561750 2638.961972 24.985232 0.125000 1.688997 
5575.303183 2005.701781 5677.778148 1961.430608 26.291736 0.125000 3.962115 
5937.422885 2408.253760 5922.110509 2325.534884 58.997678 0.125000 10.702729 
4345.013194 2532.951264 3774.972435 2529.280116 23.670394 0.125000 65.993889 
5334.971190 818.623203 5505.119464 819.976156 21.271585 0.125000 13.451549 
5783.997449 832.358985 5954.511109 818.835646 27.052900 0.125000 6.750783 
6034.664439 1349.104932 6196.038451 1362.296585 26.451435 0.125000 16.763293 
5.021135 2901.815959 305.007918 2903.807207 11.659190 0.125000 13.429167 
3512.513972 3406.602363 3425.281835 3271.263820 38.481135 0.125000 9.268797 
4964.505636 2856.824448 5175.391275 2865.641290 42.889137 0.125000 37.362106 
5713.003000 2569.057840 5985.277342 2591.658865 40.729011 0.125000 19.980731 
4999.725913 2008.465329 5130.621654 1962.524978 27.491623 0.125000 6.720679 
2008.354662 2864.252514 1980.210504 3114.461265 24.223107 0.125000 15.546159 
494.875917 3332.119455 114.991311 3325.498560 26.161712 0.125000 46.348084 
1667.918388 3143.186064 1745.223294 3115.626337 22.196681 0.125000 0.464982 
1784.981070 3486.030496 2805.004253 3504.768483 19.629285 0.125000 94.459684 
3276.964128 1945.043469 3273.475851 2905.139793 79.236493 0.125000 279.977534 
3494.359515 2154.718207 3499.190481 2315.174911 20.893760 0.125000 10.640236 
4609.349040 1353.008463 4695.297443 1384.179865 24.793040 0.125000 3.994932 
2204.644477 1593.881972 2403.605330 1530.614128 16.906406 0.125000 8.934448 
3825.000000 1695.000000 3475.000000 1695.000000 10.000000 0.125000 17.944617 
2161.445105 2915.328962 2152.100096 2814.342974 37.986948 0.125000 1.643691 
3506.163703 989.475590 3596.373817 1008.478119 24.661975 0.125000 2.228005 
1835.012543 2786.109985 1694.804447 2787.694327 40.110439 0.125000 15.105408 
4404.970903 2471.230480 4214.975047 2470.343192 30.279872 0.125000 7.921229 
5952.971577 822.907277 6047.042242 847.038853 22.363253 0.125000 2.971070 
2512.674426 2974.839747 2519.532774 2875.312350 17.890300 0.125000 0.785907 
204.989956 3225.618203 4.880307 3222.366954 16.459428 0.125000 8.913717 
2614.735537 2394.805207 2975.012879 2404.522482 22.958532 0.125000 30.140383 
3674.687487 2922.277040 3994.955724 2936.030998 25.681817 0.125000 44.679266 
1544.445941 1749.757604 1665.210764 1736.994205 18.838201 0.125000 6.204447 
5123.310847 1350.289176 5228.926237 1384.018532 37.704712 0.125000 1.512646 
295.046174 2920.774875 4.971534 2917.604792 13.059202 0.125000 29.831764 
4359.014240 4094.591725 4344.818704 3955.018439 18.944741 0.125000 0.671000 
3967.406551 1124.532957 3979.354123 1186.095704 23.444015 0.062500 0.264090 
109.183403 2366.328226 141.688806 2263.948699 22.088399 0.125000 5.765114 
3874.914537 3308.413285 4025.070785 3312.172956 22.747094 0.125000 11.090711 
4148.557249 1140.352474 4078.334556 1110.883130 43.141363 0.125000 9.820373 
4984.628647 816.331392 5075.895966 841.787742 26.210346 0.125000 2.971070 
2743.248987 2384.920110 2750.554563 2224.797178 19.067669 0.125000 9.067401 
2364.986526 3955.751038 3105.107123 3969.028865 39.276077 0.125000 100.854958 
3604.883297 1135.575899 3403.039728 1094.673467 49.133534 0.125000 20.939958 
5014.302357 1342.810606 5115.283126 1351.830204 19.920694 0.125000 5.301357 
3595.128481 1229.485741 3415.276027 1234.637093 31.132916 0.125000 4.893179 
4525.155323 2821.567288 4404.497396 2816.107763 23.143677 0.125000 3.808005 
4435.011791 814.917747 4584.800660 836.390543 24.020293 0.125000 5.093124 
3278.467882 3105.750374 3299.136484 3285.673569 36.314939 0.125000 14.735359 
4025.066744 3381.737621 3884.920816 3378.870401 31.016450 0.125000 1.041245 
4364.799591 3945.030196 4387.564694 4096.120295 21.266679 0.125000 9.820373 
3995.007943 2999.702176 3815.008348 2999.432299 20.224875 0.125000 15.541496 
1345.071231 883.245991 1144.913402 884.975006 21.467703 0.125000 28.042570 
3500.162469 2484.877955 3492.592302 2784.939257 13.527718 0.125000 14.152693 
4109.452273 755.717367 4092.589741 625.311666 25.306298 0.125000 11.550185 
484.999923 1765.159729 5.000035 1764.927693 10.014501 0.125000 27.878607 
4205.037683 2470.409922 4054.883610 2469.177210 25.655738 0.125000 9.067401 
835.034541 2532.301146 1005.134661 2534.478126 20.510249 0.125000 17.041527 
5408.245002 2536.619723 5381.672011 2425.797990 19.846187 0.125000 1.241680 
1015.257928 3335.894427 865.095152 3331.640860 21.690882 0.125000 14.330603 
1571.345436 2936.166354 1597.545080 2793.629712 19.670466 0.125000 4.698760 
3585.019417 795.115840 3435.000775 795.403795 19.999963 0.015625 2.659297 
4286.890351 3916.988681 4152.570873 3885.294656 23.511927 0.125000 6.458283 
1550.396346 3055.913489 1567.409845 2955.407937 19.874014 0.125000 2.228005 
5988.677088 2526.838791 5959.524065 2426.592478 23.564462 0.125000 8.010627 
2035.102799 3189.636694 2135.053669 3187.420703 21.325008 0.125000 2.228005 
4444.853549 3120.898500 4535.046234 3123.137853 29.990757 0.125000 1.489205 
5613.738189 1349.456080 5716.800945 1378.639974 39.934831 0.125000 3.443265 
3950.686707 3684.453352 3966.200943 3845.845830 20.865094 0.125000 5.093124 
2925.304899 1104.768344 2804.880138 1102.953498 51.501190 0.125000 14.222325 
4074.727786 3254.463520 4079.706491 3344.740441 22.722934 0.125000 3.111025 
5507.768668 1674.080645 5533.681274 1752.117324 22.168640 0.125000 0.464982 
4474.915042 2579.370659 4624.858387 2582.285284 22.911398 0.125000 8.193134 
5035.019599 1798.061675 4584.994942 1796.790482 11.186337 0.125000 26.975517 
1605.134724 2615.254053 1485.157650 2613.595540 21.656761 0.125000 9.942595 
4173.350794 2335.189717 4160.600980 2224.355690 11.375006 0.062500 2.291057 
2393.615676 1105.973805 2293.940362 1093.399959 63.282908 0.125000 8.026551 
2625.534901 1889.370587 2484.904220 1876.008005 18.018463 0.125000 2.955763 
2146.947176 2295.959904 2138.101693 2406.052665 32.306264 0.125000 5.093124 
2736.460621 2215.107697 2723.939557 2384.921809 15.855673 0.125000 6.651266 
5453.335874 1363.164500 5556.912387 1348.601166 36.669532 0.125000 1.643691 
1402.761987 3104.511919 1435.805857 2952.994879 20.787913 0.125000 6.458283 
2764.359099 1583.196348 2582.453596 1647.833799 12.387544 0.125000 2.105587 
2444.999984 1634.504832 2264.999984 1634.510711 10.002939 0.125000 0.785907 
377.242496 3852.840362 334.890717 4004.969576 22.442924 0.125000 5.093124 
2760.626482 2804.793092 2773.865834 2524.946343 14.306884 0.125000 16.971516 
3415.095306 3572.554456 3294.888159 3567.869846 14.665405 0.125000 6.204447 
4011.807009 755.344894 3998.763921 634.593436 17.736510 0.062500 2.137629 
6195.070066 3408.299635 4314.961945 3388.639144 27.423046 0.125000 176.478122 
5215.131667 2925.341405 4944.909242 2921.657717 22.996916 0.125000 26.918603 
3424.990259 1197.384621 3495.070785 1197.670880 40.122207 0.125000 4.698760 
3945.008283 3844.597091 2885.045106 3822.805977 27.453594 0.125000 80.659205 
3324.985267 1195.842914 3395.313362 1197.072188 40.518185 0.125000 1.076562 
1184.996098 1805.341341 1024.902701 1803.511155 21.713380 0.125000 18.507614 
4394.991097 2937.001041 4725.029056 2938.469446 11.468122 0.125000 15.235347 
2544.159957 2223.561389 2508.082335 2495.409065 27.015772 0.125000 21.516817 
688.841852 2223.241570 716.860711 2142.186439 50.523348 0.125000 8.697611 
2975.168505 1454.533885 3284.507270 1566.362976 10.199292 0.125000 8.095321 
1545.494315 2955.083872 1509.740742 3165.804376 18.401033 0.125000 11.504723 
933.923101 3614.442387 1054.633971 3628.209391 24.141032 0.125000 1.873085 
3075.029202 3933.318947 754.860783 3893.014075 22.375893 0.125000 346.173370 
3607.358086 2325.102182 3604.147768 2085.011395 10.000000 0.125000 3.838170 
2822.711182 2464.899799 2803.010262 2914.912892 12.246264 0.125000 30.239112 
3924.358824 3867.325855 4094.839763 3853.082145 29.063235 0.125000 2.801921 
4954.938979 2962.658798 5225.001510 2964.810510 11.991484 0.125000 10.719897 
4454.981266 3317.358472 4775.040504 3319.900761 12.541423 0.125000 27.878607 
5994.842997 2587.003881 6195.070331 2589.622731 20.129072 0.125000 23.363157 
6194.988248 2646.356275 5585.034044 2641.071082 24.678120 0.125000 99.176504 
6045.057678 2558.574799 5764.990479 2556.060659 21.166146 0.125000 29.904567 
765.167137 4025.865103 614.977144 4054.881696 31.686091 0.125000 6.761510 
2895.730123 2485.028318 2874.787631 3024.991763 14.339675 0.125000 46.336459 
5584.986333 2875.973285 5785.087297 2878.783074 22.665719 0.125000 15.788344 
2615.052959 3153.264953 2815.171748 3159.373142 22.431379 0.125000 10.499467 
304.098935 4007.293810 342.641563 3854.405446 26.889336 0.125000 3.154924 
1214.912390 3719.729368 3494.870979 3761.964816 24.636880 0.125000 260.163441 
5725.014596 2782.565307 5544.961118 2781.485904 11.078883 0.125000 1.688997 
1444.895988 3629.836757 2904.865970 3661.232642 18.167499 0.125000 148.146761 
3515.040493 3652.859102 1584.974396 3616.353727 19.191108 0.125000 160.929631 
1932.456958 2964.620230 1915.951978 3075.142165 19.780648 0.125000 4.879650 
3814.981031 1719.118435 3474.988244 1717.552503 11.335556 0.125000 16.138437 
4085.655929 520.323657 3914.809272 496.359767 28.499768 0.125000 8.030822 
2485.956944 1120.992919 2389.093128 1097.860553 35.712671 0.125000 8.934448 
5414.989059 2815.336371 5734.975797 2825.744111 19.664346 0.125000 24.337973 
749.964914 2123.654543 722.358338 2226.966268 17.405777 0.062500 1.119359 
2484.643480 3842.336315 2645.236152 3850.140575 24.344966 0.125000 18.734942 
3914.189106 3513.456204 4024.707670 3455.405255 76.816152 0.125000 23.857795 
515.006463 2845.846118 434.934753 2846.457717 30.457400 0.125000 1.257654 
774.932780 3805.682829 875.922942 3815.624574 23.977535 0.125000 4.706702 
4290.850990 3164.521287 4281.098189 3045.319236 19.117944 0.125000 3.994932 
1855.471248 1089.308264 1663.394061 1110.318119 42.870185 0.125000 20.938705 
2165.305441 2946.328334 2014.435931 2941.014277 43.847325 0.125000 14.332397 
2875.037823 3822.609768 854.910700 3790.643305 22.498132 0.125000 205.321103 
3274.950762 3568.048663 1695.039858 3542.532119 14.345412 0.125000 135.925724 
3115.047867 3973.693710 3235.252897 3978.098457 21.451348 0.125000 1.489205 
5951.499986 3335.905858 5915.029383 3194.992395 22.208996 0.125000 5.623926 
1439.359163 2935.528863 1451.605498 2834.588172 25.876362 0.125000 0.671000 
3500.709125 3048.391498 3421.300141 2947.924360 18.979390 0.125000 2.105587 
4045.144386 4081.874029 3895.002812 4074.939129 35.504835 0.125000 12.725746 
4061.376957 2224.414609 4072.467775 2345.232453 14.431451 0.125000 2.592087 
5245.087636 3079.715488 4974.830290 3075.233659 27.674497 0.125000 16.874544 
2847.123933 2173.181184 2724.972276 2204.893210 41.229377 0.125000 10.920425 
5254.995936 3135.975474 4985.000623 3134.850577 10.499872 0.125000 9.816807 
2155.000000 1705.000000 1935.000000 1705.000000 10.000000 0.125000 3.994932 
4030.618368 3814.630624 4019.489914 3645.362258 28.623318 0.125000 9.114004 
4994.841260 3174.280712 5265.104279 3178.903378 22.904385 0.125000 29.378276 
1575.385855 2785.071018 1548.027170 2933.716629 20.453789 0.125000 7.234772 
2815.000669 3504.903696 3214.981344 3507.683922 12.084978 0.125000 21.556977 
1866.586989 502.284847 1793.519182 518.202517 24.670732 0.125000 2.228005 
3435.060295 2021.403135 3565.023775 2023.581726 11.674670 0.015625 1.057453 
5024.962540 3015.582517 5295.771843 3032.997697 27.082476 0.125000 18.079257 
5005.004908 3273.610381 5285.001415 3274.599385 10.671052 0.125000 10.719897 
1455.044027 2021.299700 1765.000147 2024.987645 12.616729 0.125000 13.429167 
3575.871517 517.119320 3394.768721 497.091340 29.771513 0.125000 6.876333 
4311.654130 3474.375177 4321.980252 3584.344554 20.847294 0.125000 4.879650 
2444.767719 493.263307 2293.461928 513.500323 25.758156 0.125000 9.891733 
2585.005366 3032.900125 2775.004125 3033.385649 10.383277 0.125000 2.592087 
454.288525 3491.738285 502.269542 3334.168558 35.352257 0.125000 6.337449 
1288.397836 1205.819809 1368.039053 875.733244 39.223539 0.125000 66.026889 
3285.011490 3734.369775 1385.096057 3699.731265 23.068156 0.125000 231.684253 
2636.701530 2475.113357 2615.388818 2795.025903 14.630998 0.125000 12.608026 
2955.009143 2422.654546 2615.009628 2423.060673 30.238877 0.125000 29.649615 
3704.647082 3751.633348 3315.217374 3730.914303 22.205412 0.125000 26.699611 
4230.608689 3325.669328 4204.604285 3155.060315 15.913056 0.125000 7.319856 
1594.992102 3555.417054 2954.883138 3581.170759 20.905980 0.125000 108.075051 
2829.100679 2794.876108 2833.924397 2565.187422 14.826987 0.125000 9.815624 
3555.085340 4060.542015 3424.941601 4058.050646 12.294933 0.125000 3.111025 
4565.004358 3244.772737 4765.122536 3248.610639 12.299120 0.125000 4.398267 
794.969063 2677.533219 975.064327 2679.732602 12.197309 0.125000 7.107537 
2134.990619 3475.944188 1824.921871 3472.863447 11.092376 0.125000 14.332257 
5944.544997 1383.750722 6028.038069 1353.341463 24.766364 0.125000 0.412161 
1927.226272 1112.228868 1867.303967 1101.783171 32.988936 0.125000 1.345958 
4764.998778 3265.491551 4515.000324 3264.869857 10.124308 0.125000 8.913717 
834.766107 3339.207813 634.828009 3328.094174 18.304182 0.125000 17.324286 
1044.903090 3634.034083 1375.587608 3600.856805 25.889770 0.125000 21.973842 
3565.102267 2040.161513 3434.949050 2037.410580 12.533534 0.125000 3.495177 
5014.840928 3332.380574 5305.137135 3338.637277 24.520399 0.125000 23.540977 
2393.783721 1551.196942 2243.195440 1599.357507 11.069722 0.125000 2.592087 
3345.479596 2745.403334 3435.255378 2749.889904 22.470721 0.125000 0.464982 
5484.961099 2728.025791 6195.100850 2737.155587 27.683572 0.125000 68.371246 
2636.274245 2725.068374 2649.172707 2484.687317 14.077325 0.125000 12.573180 
805.005670 2624.085213 984.998756 2625.200788 10.433651 0.125000 0.464982 
2775.061851 2038.523005 2564.985514 2036.516923 11.909317 0.125000 4.398267 
2666.520573 2515.088533 2650.205439 2795.303080 11.145599 0.125000 9.942595 
2015.001917 2915.248543 2134.994779 2914.323088 10.076826 0.031250 1.990027 
2954.824454 493.501635 2803.388327 511.243608 27.468960 0.125000 5.190146 
4255.598741 3822.245980 4044.655272 3812.343182 29.029124 0.125000 11.679575 
5584.977315 3027.320727 5855.049260 3029.960710 20.781016 0.125000 33.412024 
6195.035486 2698.455896 5475.002432 2694.551483 13.361782 0.125000 53.165126 
1879.485157 3004.342759 1867.314257 3106.467573 26.959822 0.125000 0.057377 
2484.975671 3106.789967 2945.026600 3113.042909 21.357212 0.125000 39.839915 
3735.051879 2033.278447 3644.832458 2030.559668 12.405183 0.031250 2.393946 
3314.983722 3426.895029 2724.941360 3421.826669 17.422410 0.125000 32.736651 
3235.009180 3717.490424 3455.006191 3716.679511 10.479111 0.125000 6.204447 
884.795461 3817.106263 2475.017343 3843.973495 24.146786 0.125000 234.410542 
2354.941582 3147.049276 2605.023424 3154.178305 16.834789 0.125000 11.937514 
5275.000749 3234.925671 5004.927393 3232.203507 22.216329 0.125000 22.874057 
5908.739468 2483.950387 5922.479097 2532.900729 31.991021 0.125000 0.785907 
1169.079531 1718.106114 1238.008094 1405.663622 42.362991 0.125000 55.001211 
1409.010008 2955.733918 1383.569229 3094.738138 22.308578 0.125000 8.095321 
4985.015555 3114.296894 5255.104596 3120.272133 13.094047 0.125000 17.944617 
3045.945142 1131.207710 2987.107520 1116.543777 36.394450 0.062500 3.349385 
2685.005045 3203.322540 2945.002693 3204.104503 20.390893 0.125000 8.293245 
3775.027778 3670.529251 3945.023487 3669.675225 30.150334 0.125000 14.542275 
798.111437 3385.514536 774.777467 3526.616891 27.966489 0.125000 0.779692 
4325.285899 3594.970133 4359.711987 3924.507749 20.042040 0.125000 11.053440 
4534.093064 4081.638352 4393.975966 4062.495451 19.815921 0.125000 6.447638 
5835.017292 2932.048891 5564.967969 2930.466533 11.581870 0.125000 16.138437 
565.000000 1725.000000 395.000000 1725.000000 10.000000 0.125000 1.688997 
5535.009106 2781.131087 5294.994783 2781.487556 20.207905 0.125000 25.807020 
2756.070055 3066.103890 2624.401793 3078.792441 48.448637 0.125000 3.114794 
2704.946495 3850.252525 2935.029972 3847.659436 30.561570 0.125000 20.169768 
3199.363250 1945.018206 3198.171798 2885.004020 21.153428 0.125000 124.638008 
5604.939679 3123.368821 5884.997208 3125.387417 11.225033 0.125000 11.622987 
2344.950410 3428.544683 3075.087307 3438.759355 15.941317 0.125000 82.618698 
5875.157923 3087.532129 5594.860331 3081.604674 21.898335 0.125000 17.914579 
2927.690369 2515.124266 2914.302698 2804.967792 10.450751 0.125000 13.429167 
6013.773583 2819.534814 6195.014552 2834.827541 26.530609 0.125000 9.907124 
1215.649779 1366.769532 1287.039761 1340.554845 21.009225 0.062500 1.414092 
2174.590907 3192.417880 2275.134894 3189.148807 22.589172 0.125000 4.398267 
2782.607443 3024.890991 2806.746640 2495.079580 14.972662 0.125000 40.652729 
5368.361248 2536.975063 5340.510469 2443.360607 18.139418 0.125000 0.464982 
4774.864119 3199.805612 4624.983949 3195.567663 20.274653 0.125000 6.375660 
5574.945861 2967.290430 5845.031332 2973.674445 22.121153 0.125000 22.563113 
5595.005629 2674.620128 6195.022057 2683.511541 21.034994 0.125000 66.683373 
2616.116996 2805.076438 2601.766777 3014.778746 10.659385 0.125000 3.994932 
5264.992309 3295.584137 5084.891865 3293.212818 10.920719 0.125000 2.592087 
354.664348 3824.892962 436.385050 3568.630632 25.956360 0.125000 19.152058 
744.874166 1510.048689 885.036337 1513.542107 13.485188 0.125000 5.301357 
4240.517162 2834.343171 4254.883247 2955.013900 16.313242 0.125000 4.398267 
1074.074897 1972.638404 1144.950779 1944.874350 20.638443 0.125000 0.785907 
2964.948824 3580.778553 3245.015420 3583.258873 12.125008 0.125000 8.957216 
1015.051414 3931.985901 2355.173216 3954.845292 25.625312 0.125000 230.091468 
4011.109713 3455.578560 4160.877019 3411.113094 67.104878 0.125000 31.955580 
5234.985948 2985.678419 4954.898983 2979.877127 22.273594 0.125000 11.962315 
4715.016727 2889.224114 4464.989864 2888.500026 10.695005 0.125000 6.651266 
1215.046521 3597.875765 1014.937119 3601.112925 12.263169 0.125000 8.957216 
1764.968978 2038.646862 1464.990685 2036.095079 12.466451 0.125000 11.622987 
3065.000000 3665.000000 3335.000000 3665.000000 10.000000 0.125000 10.719897 
3533.553661 3610.080313 3773.994312 3678.532512 23.308549 0.125000 13.196669 
4025.475160 3959.166342 3924.515929 3950.943060 25.616771 0.125000 3.018466 
5614.769831 3178.718736 5895.026495 3183.420796 19.829432 0.125000 28.800073 
1434.305487 2804.885307 1412.876071 2934.649251 22.991431 0.125000 3.962115 
5844.951743 2989.060489 5574.989873 2985.852129 20.355097 0.125000 13.103390 
4.893309 3502.779879 234.963079 3500.771197 30.871898 0.125000 9.791615 
574.525000 3913.128130 1014.192265 3938.821849 31.764345 0.125000 37.648922 
2662.821575 2794.854869 2681.481728 2514.765605 13.301621 0.125000 10.659384 
6195.025343 2791.088376 5734.915079 2788.107380 30.193732 0.125000 34.369092 
3735.098007 2001.736724 3634.888063 1998.727092 12.397072 0.125000 0.785907 
903.433343 3776.949663 938.381130 3625.781667 21.738489 0.125000 4.283456 
3400.370211 1425.192575 3397.031105 1344.915517 12.900479 0.015625 0.519601 
2892.737401 2994.930003 2908.210017 2494.789941 13.705831 0.125000 32.118295 
6195.005260 702.455620 4424.992152 698.796245 13.576622 0.125000 270.724834 
2185.000000 1685.000000 1925.000000 1685.000000 10.000000 0.125000 9.816807 
3524.277283 1344.414991 3529.381173 1425.354313 18.701690 0.031250 0.285970 
3131.262602 2464.461830 3109.281305 3025.559478 43.883891 0.125000 67.332718 
3118.789288 2334.803396 3125.025527 2454.998676 33.586719 0.125000 12.400894 
3444.947772 3515.049013 3527.319005 3602.823756 24.120369 0.125000 2.477449 
775.035291 2763.686580 955.173932 2768.526887 10.802198 0.125000 2.592087 
4807.830041 2875.747563 4916.810338 2909.081343 22.838160 0.125000 4.706702 
724.862098 2960.801151 845.269487 2963.663408 20.231999 0.125000 8.010627 
3224.976180 3859.377890 3525.013163 3858.106658 20.550615 0.125000 32.293865 
3674.922875 3389.176400 3835.052935 3392.133513 12.398588 0.125000 6.447638 
5654.915968 3339.698954 5935.183999 3344.711035 19.102787 0.125000 24.272052 
1395.063403 4018.337960 774.717383 4030.121200 36.261685 0.125000 71.731447 
3045.261700 790.939699 2905.093205 797.115445 10.430475 0.031250 1.561562 
2860.937852 2455.293995 2832.736108 3024.887910 18.791548 0.125000 39.454483 
3846.030577 3648.445867 3725.857013 3629.549681 22.863891 0.125000 6.447638 
5185.465017 3563.300836 5345.212633 3569.650464 23.955871 0.125000 1.943938 
5805.070050 2841.944151 5534.982741 2835.752905 15.497480 0.125000 26.254067 
3070.196784 2232.327917 3117.251630 2323.842257 22.107044 0.125000 0.412161 
4624.637617 4037.842213 4446.262341 4015.099312 22.567338 0.125000 1.200827 
5885.212176 3148.062593 5614.853383 3139.793848 18.767851 0.125000 15.915068 
2175.336763 3236.056357 2665.019023 3254.494804 27.344849 0.125000 35.572299 
3404.901713 3125.005364 3397.797778 2994.847299 14.889975 0.125000 2.105527 
3624.780756 1950.198144 3764.953172 1956.110252 11.676715 0.062500 2.317280 
3614.912496 3870.658231 3885.004329 3865.214811 14.027943 0.125000 9.180312 
1555.030591 2749.681532 1474.968666 2750.204682 10.522521 0.031250 3.004718 
5233.082646 2903.794372 5414.612190 2872.733515 27.621135 0.125000 2.420970 
5565.899753 3998.982897 5445.599026 3980.994010 18.763345 0.125000 0.412161 
1394.979247 2337.771809 1715.036177 2340.168092 12.320641 0.125000 29.684787 
1875.052172 4031.167279 1724.978317 4032.436830 21.268166 0.125000 10.201795 
3090.386274 2300.593811 3013.314560 2206.378758 18.296995 0.125000 2.105527 
298.342386 3959.368681 123.828413 3999.963429 30.130985 0.125000 12.725746 
2085.000000 3365.000000 2485.000000 3365.000000 10.000000 0.125000 22.460067 
2874.984246 3486.729490 2314.939625 3481.627950 10.637200 0.125000 33.412024 
3516.552453 3374.902786 3501.543423 3135.216449 19.335932 0.125000 11.785660 
2725.000498 3374.786055 3175.021329 3375.833120 10.348977 0.125000 26.975517 
3523.330376 2855.314768 3517.386034 2634.935641 19.723094 0.125000 16.605743 
995.039609 2590.105182 834.969170 2588.809886 11.294356 0.125000 8.913717 
5644.915365 3278.290700 5924.987294 3285.494023 21.278941 0.125000 18.124987 
4088.545715 2657.655874 4012.201208 2620.797049 22.048676 0.062500 1.791980 
865.017523 2872.178707 745.022152 2871.433428 20.061722 0.125000 7.107537 
2444.999609 3415.190399 2135.000916 3414.553929 10.082104 0.125000 10.201795 
3885.014968 1454.482711 3654.918265 1447.824748 15.491261 0.125000 12.351560 
3125.004143 3494.824064 2894.896259 3489.405699 14.705336 0.125000 12.573180 
3485.085594 3940.055481 3354.951482 3937.802756 12.248568 0.125000 3.495177 
3754.540608 3954.213484 3674.739003 3950.234508 25.460768 0.062500 0.011730 
734.965775 2908.835144 855.045452 2909.906737 11.070440 0.062500 0.662178 
973.583680 2494.666401 1055.894318 2145.210647 16.611609 0.125000 26.841948 
4885.026990 3561.536553 5055.024092 3560.834620 20.123701 0.125000 4.926507 
5925.038928 3303.664224 5644.985352 3295.502642 15.821869 0.125000 24.036560 
3705.680199 4104.811769 3424.928704 4086.067901 25.270320 0.125000 11.243750 
3865.177211 3949.487654 3764.959306 3946.265842 12.565354 0.062500 2.291057 
4240.061636 2965.943204 4215.050281 2834.990397 15.450568 0.125000 1.241680 
1434.897592 2270.136124 1724.981655 2275.920069 21.192119 0.125000 28.514784 
4242.575726 3135.494179 4226.120726 3054.771544 11.984311 0.031250 1.990027 
676.153220 2327.736634 657.070662 2405.508073 24.189811 0.062500 1.119359 
2085.060890 4042.828426 1874.840267 4044.463523 41.243233 0.125000 27.141478 
2984.669010 2196.122015 2893.732646 2169.296179 31.603530 0.125000 2.310611 
3308.985155 3266.354118 3336.144641 3386.993601 42.190168 0.125000 14.542275 
4594.630455 3821.504598 4364.237836 3808.415316 35.397884 0.125000 16.146399 
124.651074 4040.145346 525.455519 4011.337691 49.154453 0.125000 72.210900 
644.963276 3269.464087 775.036739 3270.534143 20.739688 0.125000 8.913717 
1755.384322 1192.365820 1865.085674 1186.641999 23.620218 0.031250 1.103538 
5423.433103 2879.957197 5544.027898 2918.075440 22.577292 0.125000 6.375660 
2944.784279 1565.581190 3134.613807 1636.040471 16.334532 0.125000 12.869859 
3085.004802 4054.882878 2924.864011 4048.316481 14.088552 0.125000 9.816807 
4323.887709 3775.140351 4242.986555 3133.992243 17.526462 0.125000 38.948497 
4364.559199 3867.473624 4694.765390 3926.316550 23.879850 0.125000 22.990556 
4754.827773 3623.274399 4865.097746 3621.654738 21.613364 0.125000 7.107537 
2875.078098 4048.918312 2784.914601 4050.715414 11.791502 0.125000 0.785907 
3414.961003 4058.115943 3094.885984 4054.110117 17.620718 0.125000 12.608026 
3919.155798 624.664094 3931.266249 774.493510 25.068549 0.125000 0.595098 
965.043413 2730.525278 784.963345 2728.778159 11.745789 0.125000 15.235347 
985.019408 2644.106136 805.104227 2640.199712 13.036690 0.125000 7.107537 
2754.665532 2862.368368 2674.830031 2858.744442 20.432884 0.062500 2.317280 
5915.025190 3241.297738 5644.969652 3239.460286 21.496378 0.125000 31.621598 
1606.124422 4035.302770 1404.498057 4023.792867 32.525957 0.125000 14.238417 
2195.489886 4060.435357 2084.620442 4048.536634 33.029983 0.125000 6.720679 
3345.152556 3940.579583 3244.926814 3937.120619 21.367748 0.125000 0.379692 
2485.209859 1535.639640 2716.554450 1459.737882 10.547980 0.125000 6.375660 
4226.947264 3044.588375 4180.292756 2823.881183 17.499434 0.125000 9.058919 
2774.687593 4048.052470 2514.314734 4059.760572 36.707908 0.125000 14.804158 
2705.157587 3358.420430 2505.032878 3353.627261 10.954895 0.125000 4.398267 
3519.099781 1244.850596 3522.388471 1335.095169 13.270968 0.031250 5.902917 
4834.528260 3205.080027 4812.252483 3073.769673 18.045755 0.125000 5.765114 
5564.148603 3893.963353 5324.411881 3871.191612 16.574449 0.125000 10.726396 
5463.638859 4026.845095 5635.959880 4046.646815 32.087080 0.125000 4.176943 
3366.010467 3274.380951 3450.205192 3411.811109 24.198927 0.125000 6.895454 
115.048105 3536.976560 4.869989 3539.658040 11.943478 0.062500 1.141069 
3664.862423 3948.119999 3495.192329 3940.638335 23.945314 0.125000 3.154924 
465.108633 3963.566278 364.926089 3955.975473 22.209431 0.125000 1.241680 
2785.000000 2525.000000 2785.000000 2685.000000 10.000000 0.125000 0.785907 
4395.003503 264.301545 1495.000540 263.351985 20.834957 0.125000 284.437392 
4387.023045 3144.778736 4371.655577 3004.272068 12.270799 0.125000 0.785907 
705.044309 3053.934299 825.252282 3058.932207 11.653019 0.062500 1.086937 
4083.105055 2985.424112 4119.114880 3146.317162 18.494924 0.125000 9.067401 
4243.134080 3055.340677 4268.515693 3194.358110 10.694283 0.062500 2.317280 
5863.724497 2907.680650 6004.672117 2883.118476 23.585716 0.125000 0.303493 
1805.000000 485.000000 1975.000000 485.000000 10.000000 0.125000 1.688997 
3395.000000 2395.000000 3585.000000 2395.000000 10.000000 0.125000 3.495177 
508.568794 3543.320214 469.337416 3693.520973 26.932261 0.125000 1.943938 
785.017225 3229.365218 654.979790 3229.878347 20.118224 0.125000 8.913717 
2704.959461 3775.729523 2634.620969 3771.820856 23.298219 0.125000 0.464982 
4415.038229 1453.208848 4245.115634 1449.582151 12.771711 0.125000 4.706702 
4354.055780 3005.121227 4373.326089 3155.214911 13.738886 0.125000 3.111025 
1435.001188 692.601592 4.996586 691.893380 10.624015 0.125000 115.478336 
3350.972097 3387.579026 3410.921949 3481.208235 19.872545 0.125000 0.412161 
4966.287180 3354.790478 4920.595695 3074.089154 21.346807 0.125000 12.166930 
3605.000000 1705.000000 3775.000000 1705.000000 10.000000 0.125000 1.688997 
1715.021131 2300.183608 1434.982648 2298.954980 11.228351 0.125000 28.781697 
2558.364606 2465.167608 2563.358528 2364.918230 13.967880 0.125000 2.592087 
2754.600064 2534.999045 2754.217899 2694.998132 10.191055 0.125000 0.785907 
5404.792841 3570.499577 5595.309784 3561.729885 28.588797 0.125000 4.176943 
5604.408187 3365.150420 5530.924646 3076.035823 17.081905 0.125000 21.747352 
733.538744 3839.449309 574.060935 3881.432889 16.795196 0.125000 1.489205 
4545.002395 346.027628 4405.003155 346.353871 10.186398 0.062500 1.141069 
6015.194464 2884.348855 6154.697936 2926.011433 21.157668 0.125000 6.375660 
335.022035 4066.406632 145.068648 4069.382263 12.191612 0.125000 2.105527 
2585.361084 2315.028031 2571.411686 2494.721443 10.000000 0.125000 2.592087 
2355.134092 4040.754163 2204.968051 4036.011615 14.098633 0.125000 2.971070 
5302.757133 3037.168493 5281.236360 2915.666627 25.666522 0.125000 1.873085 
2075.185331 3409.541914 1895.053463 3403.425496 11.351667 0.125000 2.592087 
1366.989132 3551.861306 1224.471764 3593.177903 19.490863 0.125000 1.667226 
2184.658280 3097.237263 2264.327046 3109.405877 32.675843 0.125000 0.671000 
3584.945708 2416.581174 3394.826493 2410.053145 11.023599 0.125000 2.228005 
3171.945747 2904.987041 3171.106199 2455.007265 10.839567 0.125000 25.169337 
2095.000000 3345.000000 1935.000000 3345.000000 10.000000 0.125000 0.785907 
1098.078841 2063.454782 1061.679333 2226.491228 19.610593 0.125000 16.138437 
1474.971818 3555.205199 1364.312309 3540.007208 17.535262 0.062500 2.232081 
2423.582602 2434.924532 2434.229589 2234.958980 15.834423 0.125000 8.095321 
4585.079974 269.440423 4414.955054 272.504463 12.699520 0.125000 11.622987 
44.860481 3801.914736 125.148507 3798.284032 25.421121 0.125000 1.688997 
4514.914651 412.518947 4395.056489 416.642098 7.056883 0.062500 1.086937 
965.028600 3772.804000 1164.994683 3775.408259 10.780496 0.125000 3.495177 
3473.736468 3155.108430 3485.735803 3294.936857 21.636772 0.062500 2.903301 
384.995990 2505.141798 165.171820 2498.924752 13.953887 0.125000 5.542173 
5456.098538 3084.784750 5511.152369 3365.753915 17.504833 0.125000 21.747352 
6195.000071 2605.543978 5685.000080 2605.610821 10.048494 0.125000 31.490967 
3224.849419 2414.997320 3230.363986 2105.095450 12.845096 0.125000 23.363157 
336.465853 3649.386592 256.683607 3628.552714 48.808655 0.125000 2.397204 
192.197368 3480.983128 265.274252 3466.371621 33.339044 0.125000 4.706702 
3169.944333 2435.060552 3171.292768 2324.954599 11.101371 0.031250 9.515777 
6195.071514 2558.485587 6084.912715 2560.745719 12.049168 0.125000 0.379692 
449.777621 559.651669 555.672726 654.246914 11.577493 0.062500 0.264090 
5366.859016 3284.544510 5317.799190 3084.314151 14.472261 0.125000 5.542173 
5344.324634 3085.144628 5387.030053 3284.565269 12.563989 0.125000 6.651266 
3084.840196 1585.457642 2986.371214 1551.073169 15.585227 0.062500 0.264090 
2485.883727 2265.056511 2497.387842 2085.152693 13.170396 0.125000 4.879650 
6187.557309 3214.278302 6153.977248 3095.288631 11.100149 0.062500 2.291057 
5477.161957 3324.534382 5429.664777 3103.995353 10.527055 0.125000 8.010627 
1005.000000 2555.000000 835.000000 2555.000000 10.000000 0.125000 1.688997 
5695.000000 3595.000000 5545.000000 3595.000000 10.000000 0.062500 4.699297 
3225.000000 2685.000000 3225.000000 2435.000000 10.000000 0.125000 8.913717 
